Chamber 0:
1 0 0 0
1 1 0 0
2 1 1 0
1.5 0.5 0.5 0.5

Chamber 1:
0 -1 0 0
-1 -1 0 0
-1 -2 1 0
-0.5 -1.5 0.5 0.5

Chamber 2:
0 0 -1 0
0 1 -1 0
-1 1 -2 0
-0.5 0.5 -1.5 0.5

Chamber 3:
0 0 0 -1
0 1 0 -1
0 1 1 -2
-0.5 0.5 0.5 -1.5

Chamber 4:
-1 0 0 0
-1 1 0 0
-2 1 1 0
-1.5 0.5 0.5 0.5

Chamber 5:
0 0 0 1
0 1 0 1
0 1 1 2
0.5 0.5 0.5 1.5

Chamber 6:
0 0 1 0
0 1 1 0
1 1 2 0
0.5 0.5 1.5 0.5

Chamber 7:
0 1 0 0
1 1 0 0
1 2 1 0
0.5 1.5 0.5 0.5

Chamber 8:
0.5 -0.5 -0.5 -0.5
0 0 -1 -1
0 -1 -1 -2
0 -1 -1 -1

Chamber 9:
0.5 -0.5 -0.5 0.5
0 0 -1 1
0 -1 -1 2
0.5 -0.5 -0.5 1.5

Chamber 10:
0.5 -0.5 0.5 -0.5
0 0 1 -1
1 0 2 -1
0.5 -0.5 1.5 -0.5

Chamber 11:
0.5 -0.5 0.5 0.5
0 0 1 1
1 0 2 1
1 0 1 1

Chamber 12:
0.5 0.5 -0.5 -0.5
1 1 0 0
1 2 0 -1
0.5 1.5 -0.5 -0.5

Chamber 13:
0.5 0.5 -0.5 0.5
1 1 0 0
1 2 0 1
1 1 0 1

Chamber 14:
0.5 0.5 0.5 -0.5
1 1 0 0
2 1 1 0
1 1 1 0

Chamber 15:
0.5 0.5 0.5 0.5
1 1 0 0
2 1 1 0
1.5 0.5 0.5 0.5

Chamber 16:
1 0 0 0
1 0 -1 0
2 -1 -1 0
1.5 -0.5 -0.5 0.5

Chamber 17:
1 0 0 0
1 0 0 -1
2 0 1 -1
1.5 -0.5 0.5 -0.5

Chamber 18:
1 0 0 0
1 -1 0 0
2 -1 1 0
1.5 -0.5 0.5 0.5

Chamber 19:
1 0 0 0
1 0 0 1
2 0 1 1
1.5 0.5 0.5 0.5

Chamber 20:
1 0 0 0
1 0 1 0
2 1 1 0
1.5 0.5 0.5 0.5

Chamber 21:
1 0 0 0
1 1 0 0
2 1 0 -1
1.5 0.5 -0.5 -0.5

Chamber 22:
1 0 0 0
1 1 0 0
2 1 -1 0
1.5 0.5 -0.5 0.5

Chamber 23:
1 0 0 0
1 1 0 0
2 1 0 1
1.5 0.5 0.5 0.5

Chamber 24:
1 0 0 0
1 1 0 0
2 1 1 0
1.5 0.5 0.5 -0.5

Chamber 25:
0 -1 0 0
0 -1 1 0
-1 -2 1 0
-0.5 -1.5 0.5 0.5

Chamber 26:
0 -1 0 0
0 -1 0 1
0 -2 1 1
-0.5 -1.5 0.5 0.5

Chamber 27:
0 -1 0 0
1 -1 0 0
1 -2 1 0
0.5 -1.5 0.5 0.5

Chamber 28:
0 -1 0 0
0 -1 0 -1
0 -2 1 -1
0.5 -1.5 0.5 -0.5

Chamber 29:
0 -1 0 0
0 -1 -1 0
1 -2 -1 0
0.5 -1.5 -0.5 0.5

Chamber 30:
-1 0 0 0
-1 -1 0 0
-2 -1 1 0
-1.5 -0.5 0.5 0.5

Chamber 31:
0.5 -0.5 0.5 0.5
0 0 1 1
0 -1 2 1
0 -1 1 1

Chamber 32:
0.5 -0.5 0.5 -0.5
0 0 1 -1
0 -1 2 -1
0.5 -0.5 1.5 -0.5

Chamber 33:
0.5 -0.5 -0.5 0.5
0 0 -1 1
1 0 -1 2
0.5 -0.5 -0.5 1.5

Chamber 34:
0.5 -0.5 -0.5 -0.5
0 0 -1 -1
1 0 -1 -2
1 0 -1 -1

Chamber 35:
-0.5 -0.5 -0.5 -0.5
-1 -1 0 0
-2 -1 0 -1
-1.5 -0.5 -0.5 -0.5

Chamber 36:
-0.5 -0.5 -0.5 0.5
-1 -1 0 0
-2 -1 0 1
-1 -1 0 1

Chamber 37:
-0.5 -0.5 0.5 -0.5
-1 -1 0 0
-1 -2 1 0
-1 -1 1 0

Chamber 38:
-0.5 -0.5 0.5 0.5
-1 -1 0 0
-1 -2 1 0
-0.5 -1.5 0.5 0.5

Chamber 39:
0 0 1 0
-1 0 1 0
-1 -1 2 0
-0.5 -0.5 1.5 0.5

Chamber 40:
0 0 0 1
-1 0 0 1
-1 0 1 2
-0.5 -0.5 0.5 1.5

Chamber 41:
0 1 0 0
-1 1 0 0
-1 2 1 0
-0.5 1.5 0.5 0.5

Chamber 42:
0 0 0 -1
-1 0 0 -1
-1 0 1 -2
-0.5 0.5 0.5 -1.5

Chamber 43:
0 0 -1 0
-1 0 -1 0
-1 1 -2 0
-0.5 0.5 -1.5 0.5

Chamber 44:
0 -1 0 0
-1 -1 0 0
-1 -2 0 -1
-0.5 -1.5 -0.5 -0.5

Chamber 45:
0 -1 0 0
-1 -1 0 0
-1 -2 -1 0
-0.5 -1.5 -0.5 0.5

Chamber 46:
0 -1 0 0
-1 -1 0 0
-1 -2 0 1
-0.5 -1.5 0.5 0.5

Chamber 47:
0 -1 0 0
-1 -1 0 0
-1 -2 1 0
-0.5 -1.5 0.5 -0.5

Chamber 48:
0 0 -1 0
0 1 -1 0
0 1 -2 1
-0.5 0.5 -1.5 0.5

Chamber 49:
0 0 -1 0
0 1 -1 0
1 1 -2 0
0.5 0.5 -1.5 0.5

Chamber 50:
0 0 -1 0
0 1 -1 0
0 1 -2 -1
0.5 0.5 -1.5 -0.5

Chamber 51:
-1 0 0 0
-1 1 0 0
-2 1 -1 0
-1.5 0.5 -0.5 0.5

Chamber 52:
0 0 -1 0
1 0 -1 0
1 -1 -2 0
0.5 -0.5 -1.5 0.5

Chamber 53:
0.5 0.5 -0.5 0.5
0 1 -1 0
0 2 -1 1
0 1 -1 1

Chamber 54:
0.5 0.5 -0.5 -0.5
0 1 -1 0
0 2 -1 -1
0.5 1.5 -0.5 -0.5

Chamber 55:
-0.5 -0.5 -0.5 -0.5
-1 0 0 -1
-2 0 -1 -1
-1.5 -0.5 -0.5 -0.5

Chamber 56:
-0.5 -0.5 -0.5 0.5
-1 0 0 1
-2 0 -1 1
-1 0 -1 1

Chamber 57:
0.5 -0.5 -0.5 0.5
1 0 0 1
1 -1 0 2
0.5 -0.5 -0.5 1.5

Chamber 58:
0.5 -0.5 -0.5 -0.5
1 0 0 -1
1 -1 0 -2
1 -1 0 -1

Chamber 59:
-0.5 0.5 -0.5 -0.5
0 1 -1 0
-1 1 -2 0
-1 1 -1 0

Chamber 60:
-0.5 0.5 -0.5 0.5
0 1 -1 0
-1 1 -2 0
-0.5 0.5 -1.5 0.5

Chamber 61:
0 1 0 0
0 1 -1 0
-1 2 -1 0
-0.5 1.5 -0.5 0.5

Chamber 62:
0 0 -1 0
0 0 -1 -1
-1 0 -2 -1
-0.5 -0.5 -1.5 -0.5

Chamber 63:
0 0 -1 0
0 -1 -1 0
-1 -1 -2 0
-0.5 -0.5 -1.5 0.5

Chamber 64:
0 0 -1 0
0 0 -1 1
-1 0 -2 1
-0.5 0.5 -1.5 0.5

Chamber 65:
0 0 0 1
0 1 0 1
-1 1 0 2
-0.5 0.5 -0.5 1.5

Chamber 66:
0 0 1 0
0 1 1 0
-1 1 2 0
-0.5 0.5 1.5 0.5

Chamber 67:
0 0 0 -1
0 1 0 -1
-1 1 0 -2
-0.5 0.5 0.5 -1.5

Chamber 68:
0 0 -1 0
0 1 -1 0
-1 1 -2 0
-0.5 0.5 -1.5 -0.5

Chamber 69:
0 0 0 -1
0 1 0 -1
0 1 1 -2
0.5 0.5 0.5 -1.5

Chamber 70:
-1 0 0 0
-1 1 0 0
-2 1 1 0
-1.5 0.5 0.5 -0.5

Chamber 71:
0 0 0 -1
0 1 0 -1
1 1 0 -2
0.5 0.5 -0.5 -1.5

Chamber 72:
0 0 0 -1
1 0 0 -1
1 0 1 -2
0.5 -0.5 0.5 -1.5

Chamber 73:
0.5 0.5 0.5 -0.5
0 1 0 -1
0 1 1 -2
0 1 1 -1

Chamber 74:
-0.5 -0.5 -0.5 -0.5
-1 0 -1 0
-2 -1 -1 0
-1.5 -0.5 -0.5 -0.5

Chamber 75:
0.5 0.5 -0.5 -0.5
0 1 0 -1
1 2 0 -1
0.5 1.5 -0.5 -0.5

Chamber 76:
-0.5 -0.5 0.5 -0.5
-1 0 1 0
-1 0 2 -1
-1 0 1 -1

Chamber 77:
0.5 -0.5 0.5 -0.5
1 0 1 0
1 0 2 -1
0.5 -0.5 1.5 -0.5

Chamber 78:
-0.5 0.5 -0.5 -0.5
0 1 0 -1
-1 2 0 -1
-1 1 0 -1

Chamber 79:
0.5 -0.5 -0.5 -0.5
1 0 -1 0
2 -1 -1 0
1 -1 -1 0

Chamber 80:
-0.5 0.5 0.5 -0.5
0 1 0 -1
0 1 1 -2
-0.5 0.5 0.5 -1.5

Chamber 81:
0 0 0 -1
0 0 -1 -1
0 -1 -1 -2
-0.5 -0.5 -0.5 -1.5

Chamber 82:
0 1 0 0
0 1 0 -1
0 2 1 -1
-0.5 1.5 0.5 -0.5

Chamber 83:
0 0 0 -1
0 -1 0 -1
0 -1 1 -2
-0.5 -0.5 0.5 -1.5

Chamber 84:
0 0 0 -1
0 0 1 -1
0 1 1 -2
-0.5 0.5 0.5 -1.5

Chamber 85:
0 0 1 0
0 1 1 0
0 1 2 -1
-0.5 0.5 1.5 -0.5

Chamber 86:
0 0 0 -1
0 1 0 -1
0 1 -1 -2
-0.5 0.5 -0.5 -1.5

Chamber 87:
0 0 0 1
0 1 0 1
0 1 1 2
-0.5 0.5 0.5 1.5

Chamber 88:
-0.5 0.5 0.5 0.5
-1 1 0 0
-2 1 1 0
-1.5 0.5 0.5 0.5

Chamber 89:
-0.5 0.5 0.5 -0.5
-1 1 0 0
-2 1 1 0
-1 1 1 0

Chamber 90:
-0.5 0.5 -0.5 0.5
-1 1 0 0
-1 2 0 1
-1 1 0 1

Chamber 91:
-0.5 0.5 -0.5 -0.5
-1 1 0 0
-1 2 0 -1
-0.5 1.5 -0.5 -0.5

Chamber 92:
-0.5 -0.5 0.5 0.5
0 0 1 1
-1 0 2 1
-1 0 1 1

Chamber 93:
-0.5 -0.5 0.5 -0.5
0 0 1 -1
-1 0 2 -1
-0.5 -0.5 1.5 -0.5

Chamber 94:
-0.5 -0.5 -0.5 0.5
0 0 -1 1
0 -1 -1 2
-0.5 -0.5 -0.5 1.5

Chamber 95:
-0.5 -0.5 -0.5 -0.5
0 0 -1 -1
0 -1 -1 -2
0 -1 -1 -1

Chamber 96:
-1 0 0 0
-1 0 -1 0
-2 -1 -1 0
-1.5 -0.5 -0.5 0.5

Chamber 97:
-1 0 0 0
-1 0 0 -1
-2 0 1 -1
-1.5 -0.5 0.5 -0.5

Chamber 98:
-1 0 0 0
-1 0 0 1
-2 0 1 1
-1.5 0.5 0.5 0.5

Chamber 99:
-1 0 0 0
-1 0 1 0
-2 1 1 0
-1.5 0.5 0.5 0.5

Chamber 100:
-1 0 0 0
-1 1 0 0
-2 1 0 -1
-1.5 0.5 -0.5 -0.5

Chamber 101:
-1 0 0 0
-1 1 0 0
-2 1 0 1
-1.5 0.5 0.5 0.5

Chamber 102:
0 0 0 1
0 1 0 1
1 1 0 2
0.5 0.5 0.5 1.5

Chamber 103:
0 0 0 1
1 0 0 1
1 0 1 2
0.5 0.5 0.5 1.5

Chamber 104:
-0.5 -0.5 -0.5 0.5
-1 0 -1 0
-2 -1 -1 0
-1 -1 -1 0

Chamber 105:
0.5 0.5 0.5 0.5
0 1 0 1
0 1 1 2
0.5 0.5 0.5 1.5

Chamber 106:
-0.5 -0.5 0.5 0.5
-1 0 1 0
-1 0 2 1
-0.5 -0.5 1.5 0.5

Chamber 107:
0.5 0.5 -0.5 0.5
0 1 0 1
1 2 0 1
1 1 0 1

Chamber 108:
-0.5 0.5 -0.5 0.5
0 1 0 1
-1 2 0 1
-0.5 1.5 -0.5 0.5

Chamber 109:
0.5 -0.5 0.5 0.5
1 0 1 0
1 0 2 1
1 0 1 1

Chamber 110:
-0.5 0.5 0.5 0.5
0 1 0 1
0 1 1 2
0 1 1 1

Chamber 111:
0.5 -0.5 -0.5 0.5
1 0 -1 0
2 -1 -1 0
1.5 -0.5 -0.5 0.5

Chamber 112:
0 0 0 1
0 0 -1 1
0 -1 -1 2
0.5 -0.5 -0.5 1.5

Chamber 113:
0 0 0 1
0 -1 0 1
0 -1 1 2
0.5 -0.5 0.5 1.5

Chamber 114:
0 1 0 0
0 1 0 1
0 2 1 1
0.5 1.5 0.5 0.5

Chamber 115:
0 0 0 1
0 0 1 1
0 1 1 2
0.5 0.5 0.5 1.5

Chamber 116:
0 0 0 1
0 1 0 1
0 1 -1 2
0.5 0.5 -0.5 1.5

Chamber 117:
0 0 1 0
0 1 1 0
0 1 2 1
0.5 0.5 1.5 0.5

Chamber 118:
0 0 1 0
1 0 1 0
1 1 2 0
0.5 0.5 1.5 0.5

Chamber 119:
-0.5 -0.5 0.5 -0.5
-1 0 0 -1
-1 -1 0 -2
-1 -1 0 -1

Chamber 120:
-0.5 -0.5 0.5 0.5
-1 0 0 1
-1 -1 0 2
-0.5 -0.5 0.5 1.5

Chamber 121:
0.5 0.5 0.5 0.5
0 1 1 0
1 1 2 0
0.5 0.5 1.5 0.5

Chamber 122:
0.5 0.5 0.5 -0.5
0 1 1 0
1 1 2 0
1 1 1 0

Chamber 123:
-0.5 0.5 0.5 -0.5
0 1 1 0
0 2 1 -1
-0.5 1.5 0.5 -0.5

Chamber 124:
-0.5 0.5 0.5 0.5
0 1 1 0
0 2 1 1
0 1 1 1

Chamber 125:
0.5 -0.5 0.5 0.5
1 0 0 1
2 0 1 1
1 0 1 1

Chamber 126:
0.5 -0.5 0.5 -0.5
1 0 0 -1
2 0 1 -1
1.5 -0.5 0.5 -0.5

Chamber 127:
0 0 1 0
0 0 1 -1
1 0 2 -1
0.5 -0.5 1.5 -0.5

Chamber 128:
0 0 1 0
0 -1 1 0
1 -1 2 0
0.5 -0.5 1.5 0.5

Chamber 129:
0 0 1 0
0 0 1 1
1 0 2 1
0.5 0.5 1.5 0.5

Chamber 130:
0 1 0 0
0 1 1 0
1 2 1 0
0.5 1.5 0.5 0.5

Chamber 131:
0 0 1 0
0 1 1 0
1 1 2 0
0.5 0.5 1.5 -0.5

Chamber 132:
-0.5 0.5 -0.5 -0.5
0 0 -1 -1
-1 0 -1 -2
-1 0 -1 -1

Chamber 133:
-0.5 0.5 -0.5 0.5
0 0 -1 1
-1 0 -1 2
-0.5 0.5 -0.5 1.5

Chamber 134:
-0.5 0.5 0.5 -0.5
0 0 1 -1
0 1 2 -1
-0.5 0.5 1.5 -0.5

Chamber 135:
-0.5 0.5 0.5 0.5
0 0 1 1
0 1 2 1
0 1 1 1

Chamber 136:
0.5 0.5 0.5 0.5
1 1 0 0
1 2 1 0
0.5 1.5 0.5 0.5

Chamber 137:
0.5 0.5 0.5 -0.5
1 1 0 0
1 2 1 0
1 1 1 0

Chamber 138:
0.5 0.5 -0.5 0.5
1 1 0 0
2 1 0 1
1 1 0 1

Chamber 139:
0.5 0.5 -0.5 -0.5
1 1 0 0
2 1 0 -1
1.5 0.5 -0.5 -0.5

Chamber 140:
0 1 0 0
1 1 0 0
1 2 0 -1
0.5 1.5 -0.5 -0.5

Chamber 141:
0 1 0 0
1 1 0 0
1 2 -1 0
0.5 1.5 -0.5 0.5

Chamber 142:
0 1 0 0
1 1 0 0
1 2 0 1
0.5 1.5 0.5 0.5

Chamber 143:
0 1 0 0
1 1 0 0
1 2 1 0
0.5 1.5 0.5 -0.5

Chamber 144:
0.5 -0.5 -0.5 -0.5
0 0 -1 -1
0 -1 -1 -2
0.5 -0.5 -0.5 -1.5

Chamber 145:
0.5 -0.5 -0.5 -0.5
0 0 -1 -1
1 0 -2 -1
0.5 -0.5 -1.5 -0.5

Chamber 146:
0.5 -0.5 -0.5 -0.5
1 -1 0 0
1 -2 0 -1
0.5 -1.5 -0.5 -0.5

Chamber 147:
0.5 0.5 -0.5 -0.5
0 0 -1 -1
0 1 -1 -2
0 1 -1 -1

Chamber 148:
0.5 -0.5 -0.5 -0.5
0 -1 -1 0
0 -2 -1 -1
0 -1 -1 -1

Chamber 149:
0.5 -0.5 -0.5 -0.5
0 -1 0 -1
0 -1 -1 -2
0 -1 -1 -1

Chamber 150:
0.5 -0.5 0.5 -0.5
0 0 1 -1
0 -1 1 -2
0 -1 1 -1

Chamber 151:
0.5 -0.5 -0.5 -0.5
0 0 -1 -1
0 -1 -2 -1
0 -1 -1 -1

Chamber 152:
0.5 -0.5 -0.5 0.5
0 0 -1 1
0 -1 -1 2
0 -1 -1 1

Chamber 153:
0.5 -0.5 -0.5 0.5
0 0 -1 1
1 0 -2 1
1 0 -1 1

Chamber 154:
0.5 -0.5 -0.5 0.5
1 -1 0 0
1 -2 0 1
1 -1 0 1

Chamber 155:
0.5 -0.5 -0.5 0.5
0 -1 -1 0
0 -2 -1 1
0.5 -1.5 -0.5 0.5

Chamber 156:
0.5 0.5 -0.5 0.5
0 0 -1 1
0 1 -1 2
0.5 0.5 -0.5 1.5

Chamber 157:
0.5 -0.5 -0.5 0.5
0 -1 0 1
0 -1 -1 2
0.5 -0.5 -0.5 1.5

Chamber 158:
0.5 -0.5 -0.5 0.5
0 0 -1 1
0 -1 -2 1
0.5 -0.5 -1.5 0.5

Chamber 159:
0.5 -0.5 0.5 0.5
0 0 1 1
0 -1 1 2
0.5 -0.5 0.5 1.5

Chamber 160:
0.5 -0.5 0.5 -0.5
0 0 1 -1
1 0 2 -1
1 0 1 -1

Chamber 161:
0.5 -0.5 0.5 -0.5
1 -1 0 0
2 -1 1 0
1 -1 1 0

Chamber 162:
0.5 -0.5 0.5 -0.5
0 -1 0 -1
1 -2 0 -1
0.5 -1.5 0.5 -0.5

Chamber 163:
0.5 0.5 0.5 -0.5
0 0 1 -1
1 0 2 -1
0.5 0.5 1.5 -0.5

Chamber 164:
0.5 -0.5 0.5 -0.5
0 -1 1 0
1 -1 2 0
0.5 -0.5 1.5 -0.5

Chamber 165:
0.5 -0.5 0.5 -0.5
0 0 1 -1
1 0 1 -2
0.5 -0.5 0.5 -1.5

Chamber 166:
0.5 -0.5 0.5 0.5
0 0 1 1
1 0 2 1
0.5 -0.5 1.5 0.5

Chamber 167:
0.5 -0.5 0.5 0.5
1 -1 0 0
2 -1 1 0
1.5 -0.5 0.5 0.5

Chamber 168:
0.5 -0.5 0.5 0.5
0 -1 0 1
1 -2 0 1
1 -1 0 1

Chamber 169:
0.5 -0.5 0.5 0.5
0 -1 1 0
1 -1 2 0
1 -1 1 0

Chamber 170:
0.5 0.5 0.5 0.5
0 0 1 1
1 0 2 1
1 0 1 1

Chamber 171:
0.5 -0.5 0.5 0.5
0 0 1 1
1 0 1 2
1 0 1 1

Chamber 172:
0.5 0.5 -0.5 -0.5
1 1 0 0
1 2 0 -1
1 1 0 -1

Chamber 173:
0.5 0.5 -0.5 -0.5
1 1 0 0
2 1 -1 0
1 1 -1 0

Chamber 174:
0.5 0.5 -0.5 -0.5
1 0 -1 0
1 0 -2 -1
0.5 0.5 -1.5 -0.5

Chamber 175:
0.5 0.5 -0.5 -0.5
1 0 0 -1
1 1 0 -2
0.5 0.5 -0.5 -1.5

Chamber 176:
0.5 0.5 0.5 -0.5
1 1 0 0
1 2 0 -1
0.5 1.5 0.5 -0.5

Chamber 177:
0.5 0.5 -0.5 -0.5
1 1 0 0
1 2 -1 0
0.5 1.5 -0.5 -0.5

Chamber 178:
0.5 0.5 -0.5 0.5
1 1 0 0
1 2 0 1
0.5 1.5 -0.5 0.5

Chamber 179:
0.5 0.5 -0.5 0.5
1 1 0 0
2 1 -1 0
1.5 0.5 -0.5 0.5

Chamber 180:
0.5 0.5 -0.5 0.5
1 0 -1 0
1 0 -2 1
1 0 -1 1

Chamber 181:
0.5 0.5 -0.5 0.5
1 0 0 1
1 1 0 2
1 1 0 1

Chamber 182:
0.5 0.5 -0.5 0.5
1 1 0 0
1 2 -1 0
1 1 -1 0

Chamber 183:
0.5 0.5 0.5 0.5
1 1 0 0
1 2 0 1
1 1 0 1

Chamber 184:
0.5 0.5 0.5 -0.5
1 1 0 0
2 1 1 0
1.5 0.5 0.5 -0.5

Chamber 185:
0.5 0.5 0.5 -0.5
1 0 0 -1
2 0 1 -1
1 0 1 -1

Chamber 186:
0.5 0.5 0.5 -0.5
1 0 1 0
2 1 1 0
1 1 1 0

Chamber 187:
0.5 0.5 0.5 -0.5
1 1 0 0
2 1 0 -1
1 1 0 -1

Chamber 188:
0.5 0.5 0.5 0.5
1 1 0 0
2 1 1 0
1 1 1 0

Chamber 189:
0.5 0.5 0.5 0.5
1 0 0 1
2 0 1 1
1.5 0.5 0.5 0.5

Chamber 190:
0.5 0.5 0.5 0.5
1 0 1 0
2 1 1 0
1.5 0.5 0.5 0.5

Chamber 191:
0.5 0.5 0.5 0.5
1 1 0 0
2 1 0 1
1.5 0.5 0.5 0.5

Chamber 192:
1 0 0 0
1 0 -1 0
2 0 -1 1
1.5 -0.5 -0.5 0.5

Chamber 193:
1 0 0 0
1 0 -1 0
2 1 -1 0
1.5 0.5 -0.5 0.5

Chamber 194:
1 0 0 0
1 0 -1 0
2 0 -1 -1
1.5 0.5 -0.5 -0.5

Chamber 195:
1 0 0 0
1 -1 0 0
2 -1 -1 0
1.5 -0.5 -0.5 0.5

Chamber 196:
1 0 0 0
1 0 0 1
2 -1 0 1
1.5 -0.5 -0.5 0.5

Chamber 197:
1 0 0 0
1 0 1 0
2 -1 1 0
1.5 -0.5 0.5 0.5

Chamber 198:
1 0 0 0
1 0 0 -1
2 -1 0 -1
1.5 -0.5 0.5 -0.5

Chamber 199:
1 0 0 0
1 0 -1 0
2 -1 -1 0
1.5 -0.5 -0.5 -0.5

Chamber 200:
1 0 0 0
1 0 0 -1
2 0 1 -1
1.5 0.5 0.5 -0.5

Chamber 201:
1 0 0 0
1 -1 0 0
2 -1 1 0
1.5 -0.5 0.5 -0.5

Chamber 202:
1 0 0 0
1 0 0 -1
2 1 0 -1
1.5 0.5 -0.5 -0.5

Chamber 203:
1 0 0 0
1 0 1 0
2 0 1 -1
1.5 -0.5 0.5 -0.5

Chamber 204:
1 0 0 0
1 0 0 -1
2 0 -1 -1
1.5 -0.5 -0.5 -0.5

Chamber 205:
1 0 0 0
1 0 0 1
2 0 1 1
1.5 -0.5 0.5 0.5

Chamber 206:
1 0 0 0
1 -1 0 0
2 -1 0 -1
1.5 -0.5 -0.5 -0.5

Chamber 207:
1 0 0 0
1 -1 0 0
2 -1 0 1
1.5 -0.5 0.5 0.5

Chamber 208:
1 0 0 0
1 0 0 1
2 1 0 1
1.5 0.5 0.5 0.5

Chamber 209:
1 0 0 0
1 0 0 1
2 0 -1 1
1.5 0.5 -0.5 0.5

Chamber 210:
1 0 0 0
1 0 1 0
2 0 1 1
1.5 0.5 0.5 0.5

Chamber 211:
1 0 0 0
1 0 1 0
2 1 1 0
1.5 0.5 0.5 -0.5

Chamber 212:
1 0 0 0
1 1 0 0
2 1 0 -1
1.5 0.5 0.5 -0.5

Chamber 213:
1 0 0 0
1 1 0 0
2 1 -1 0
1.5 0.5 -0.5 -0.5

Chamber 214:
1 0 0 0
1 1 0 0
2 1 0 1
1.5 0.5 -0.5 0.5

Chamber 215:
0 -1 0 0
0 -1 1 0
0 -2 1 1
-0.5 -1.5 0.5 0.5

Chamber 216:
0 -1 0 0
0 -1 1 0
1 -2 1 0
0.5 -1.5 0.5 0.5

Chamber 217:
0 -1 0 0
0 -1 1 0
0 -2 1 -1
0.5 -1.5 0.5 -0.5

Chamber 218:
0 -1 0 0
1 -1 0 0
1 -2 -1 0
0.5 -1.5 -0.5 0.5

Chamber 219:
-1 0 0 0
-1 0 1 0
-2 -1 1 0
-1.5 -0.5 0.5 0.5

Chamber 220:
0.5 -0.5 0.5 0.5
0 -1 1 0
0 -1 2 1
0 -1 1 1

Chamber 221:
0.5 -0.5 0.5 -0.5
0 -1 1 0
0 -1 2 -1
0.5 -0.5 1.5 -0.5

Chamber 222:
0.5 -0.5 -0.5 0.5
1 0 0 1
1 0 -1 2
0.5 -0.5 -0.5 1.5

Chamber 223:
0.5 -0.5 -0.5 -0.5
1 0 0 -1
1 0 -1 -2
1 0 -1 -1

Chamber 224:
-0.5 -0.5 -0.5 -0.5
-1 0 0 -1
-2 -1 0 -1
-1.5 -0.5 -0.5 -0.5

Chamber 225:
-0.5 -0.5 -0.5 0.5
-1 0 0 1
-2 -1 0 1
-1 -1 0 1

Chamber 226:
-0.5 -0.5 0.5 -0.5
0 -1 1 0
-1 -2 1 0
-1 -1 1 0

Chamber 227:
-0.5 -0.5 0.5 0.5
0 -1 1 0
-1 -2 1 0
-0.5 -1.5 0.5 0.5

Chamber 228:
0 0 1 0
0 -1 1 0
-1 -1 2 0
-0.5 -0.5 1.5 0.5

Chamber 229:
0 0 0 1
0 0 1 1
-1 0 1 2
-0.5 -0.5 0.5 1.5

Chamber 230:
0 1 0 0
0 1 1 0
-1 2 1 0
-0.5 1.5 0.5 0.5

Chamber 231:
0 0 0 -1
0 0 1 -1
-1 0 1 -2
-0.5 0.5 0.5 -1.5

Chamber 232:
0 -1 0 0
0 -1 0 -1
-1 -2 0 -1
-0.5 -1.5 -0.5 -0.5

Chamber 233:
0 -1 0 0
0 -1 -1 0
-1 -2 -1 0
-0.5 -1.5 -0.5 0.5

Chamber 234:
0 -1 0 0
0 -1 0 1
-1 -2 0 1
-0.5 -1.5 0.5 0.5

Chamber 235:
0 -1 0 0
0 -1 1 0
-1 -2 1 0
-0.5 -1.5 0.5 -0.5

Chamber 236:
0 -1 0 0
0 -1 0 1
0 -2 1 1
0.5 -1.5 0.5 0.5

Chamber 237:
0 -1 0 0
1 -1 0 0
1 -2 1 0
0.5 -1.5 0.5 -0.5

Chamber 238:
0 -1 0 0
0 -1 0 1
1 -2 0 1
0.5 -1.5 -0.5 0.5

Chamber 239:
-1 0 0 0
-1 0 0 1
-2 0 1 1
-1.5 -0.5 0.5 0.5

Chamber 240:
0.5 -0.5 0.5 0.5
0 -1 0 1
0 -2 1 1
0 -1 1 1

Chamber 241:
0.5 -0.5 0.5 -0.5
1 0 1 0
1 -1 2 0
0.5 -0.5 1.5 -0.5

Chamber 242:
0.5 -0.5 -0.5 0.5
0 -1 0 1
1 -1 0 2
0.5 -0.5 -0.5 1.5

Chamber 243:
0.5 -0.5 -0.5 -0.5
1 0 -1 0
2 0 -1 -1
1 0 -1 -1

Chamber 244:
-0.5 -0.5 -0.5 -0.5
-1 0 -1 0
-2 0 -1 -1
-1.5 -0.5 -0.5 -0.5

Chamber 245:
-0.5 -0.5 -0.5 0.5
0 -1 0 1
-1 -1 0 2
-1 -1 0 1

Chamber 246:
-0.5 -0.5 0.5 -0.5
-1 0 1 0
-1 -1 2 0
-1 -1 1 0

Chamber 247:
-0.5 -0.5 0.5 0.5
0 -1 0 1
0 -2 1 1
-0.5 -1.5 0.5 0.5

Chamber 248:
0 0 1 0
0 0 1 1
0 -1 2 1
-0.5 -0.5 1.5 0.5

Chamber 249:
0 0 0 1
0 -1 0 1
0 -1 1 2
-0.5 -0.5 0.5 1.5

Chamber 250:
0 1 0 0
0 1 0 1
0 2 1 1
-0.5 1.5 0.5 0.5

Chamber 251:
0 0 -1 0
0 0 -1 1
0 1 -2 1
-0.5 0.5 -1.5 0.5

Chamber 252:
0 -1 0 0
0 -1 -1 0
0 -2 -1 -1
-0.5 -1.5 -0.5 -0.5

Chamber 253:
0 -1 0 0
0 -1 0 1
0 -2 -1 1
-0.5 -1.5 -0.5 0.5

Chamber 254:
0 -1 0 0
0 -1 0 -1
0 -2 1 -1
-0.5 -1.5 0.5 -0.5

Chamber 255:
0.5 -0.5 0.5 0.5
1 -1 0 0
1 -2 1 0
0.5 -1.5 0.5 0.5

Chamber 256:
0.5 -0.5 0.5 -0.5
1 -1 0 0
1 -2 1 0
1 -1 1 0

Chamber 257:
0.5 -0.5 -0.5 0.5
1 -1 0 0
2 -1 0 1
1 -1 0 1

Chamber 258:
0.5 -0.5 -0.5 -0.5
1 -1 0 0
2 -1 0 -1
1.5 -0.5 -0.5 -0.5

Chamber 259:
-0.5 -0.5 -0.5 -0.5
0 0 -1 -1
-1 0 -1 -2
-1 0 -1 -1

Chamber 260:
-0.5 -0.5 -0.5 0.5
0 0 -1 1
-1 0 -1 2
-0.5 -0.5 -0.5 1.5

Chamber 261:
-0.5 -0.5 0.5 -0.5
0 0 1 -1
0 -1 2 -1
-0.5 -0.5 1.5 -0.5

Chamber 262:
-0.5 -0.5 0.5 0.5
0 0 1 1
0 -1 2 1
0 -1 1 1

Chamber 263:
0 0 1 0
1 0 1 0
1 -1 2 0
0.5 -0.5 1.5 0.5

Chamber 264:
0 0 0 1
1 0 0 1
1 0 1 2
0.5 -0.5 0.5 1.5

Chamber 265:
0 0 0 -1
1 0 0 -1
1 0 1 -2
0.5 0.5 0.5 -1.5

Chamber 266:
0 0 -1 0
1 0 -1 0
1 1 -2 0
0.5 0.5 -1.5 0.5

Chamber 267:
0 -1 0 0
1 -1 0 0
1 -2 0 -1
0.5 -1.5 -0.5 -0.5

Chamber 268:
0 -1 0 0
1 -1 0 0
1 -2 0 1
0.5 -1.5 0.5 0.5

Chamber 269:
0 -1 0 0
0 -1 0 -1
1 -2 0 -1
0.5 -1.5 0.5 -0.5

Chamber 270:
-1 0 0 0
-1 0 0 -1
-2 0 1 -1
-1.5 0.5 0.5 -0.5

Chamber 271:
0.5 -0.5 0.5 0.5
1 0 1 0
1 -1 2 0
1 -1 1 0

Chamber 272:
0.5 -0.5 0.5 -0.5
0 -1 0 -1
0 -2 1 -1
0.5 -1.5 0.5 -0.5

Chamber 273:
0.5 -0.5 -0.5 0.5
1 0 -1 0
2 0 -1 1
1.5 -0.5 -0.5 0.5

Chamber 274:
0.5 -0.5 -0.5 -0.5
0 -1 0 -1
1 -1 0 -2
1 -1 0 -1

Chamber 275:
-0.5 -0.5 -0.5 -0.5
0 -1 0 -1
-1 -1 0 -2
-0.5 -0.5 -0.5 -1.5

Chamber 276:
-0.5 -0.5 -0.5 0.5
-1 0 -1 0
-2 0 -1 1
-1 0 -1 1

Chamber 277:
-0.5 -0.5 0.5 -0.5
0 -1 0 -1
0 -2 1 -1
0 -1 1 -1

Chamber 278:
-0.5 -0.5 0.5 0.5
-1 0 1 0
-1 -1 2 0
-0.5 -0.5 1.5 0.5

Chamber 279:
0 0 1 0
0 0 1 -1
0 -1 2 -1
0.5 -0.5 1.5 -0.5

Chamber 280:
0 1 0 0
0 1 0 -1
0 2 1 -1
0.5 1.5 0.5 -0.5

Chamber 281:
0 0 0 -1
0 -1 0 -1
0 -1 1 -2
0.5 -0.5 0.5 -1.5

Chamber 282:
0 0 -1 0
0 0 -1 -1
0 1 -2 -1
0.5 0.5 -1.5 -0.5

Chamber 283:
0 -1 0 0
0 -1 0 -1
0 -2 -1 -1
0.5 -1.5 -0.5 -0.5

Chamber 284:
0 -1 0 0
0 -1 -1 0
0 -2 -1 1
0.5 -1.5 -0.5 0.5

Chamber 285:
-1 0 0 0
-1 0 -1 0
-2 1 -1 0
-1.5 0.5 -0.5 0.5

Chamber 286:
0.5 -0.5 0.5 0.5
1 0 0 1
2 -1 0 1
1 -1 0 1

Chamber 287:
0.5 -0.5 0.5 -0.5
1 0 0 -1
2 -1 0 -1
1.5 -0.5 0.5 -0.5

Chamber 288:
0.5 -0.5 -0.5 0.5
0 -1 -1 0
1 -2 -1 0
0.5 -1.5 -0.5 0.5

Chamber 289:
0.5 -0.5 -0.5 -0.5
0 -1 -1 0
1 -2 -1 0
1 -1 -1 0

Chamber 290:
-0.5 -0.5 -0.5 -0.5
0 -1 -1 0
0 -1 -2 -1
-0.5 -0.5 -1.5 -0.5

Chamber 291:
-0.5 -0.5 -0.5 0.5
0 -1 -1 0
0 -1 -2 1
0 -1 -1 1

Chamber 292:
-0.5 -0.5 0.5 -0.5
-1 0 0 -1
-1 0 1 -2
-1 0 1 -1

Chamber 293:
-0.5 -0.5 0.5 0.5
-1 0 0 1
-1 0 1 2
-0.5 -0.5 0.5 1.5

Chamber 294:
0 0 0 1
0 0 -1 1
1 0 -1 2
0.5 -0.5 -0.5 1.5

Chamber 295:
0 1 0 0
0 1 -1 0
1 2 -1 0
0.5 1.5 -0.5 0.5

Chamber 296:
0 0 0 -1
0 0 -1 -1
1 0 -1 -2
0.5 0.5 -0.5 -1.5

Chamber 297:
0 0 -1 0
0 -1 -1 0
1 -1 -2 0
0.5 -0.5 -1.5 0.5

Chamber 298:
0 -1 0 0
0 -1 -1 0
1 -2 -1 0
0.5 -1.5 -0.5 -0.5

Chamber 299:
-0.5 0.5 0.5 0.5
0 0 1 1
-1 0 2 1
-1 0 1 1

Chamber 300:
-0.5 0.5 0.5 -0.5
0 0 1 -1
-1 0 2 -1
-0.5 0.5 1.5 -0.5

Chamber 301:
-0.5 0.5 -0.5 0.5
0 0 -1 1
0 1 -1 2
-0.5 0.5 -0.5 1.5

Chamber 302:
-0.5 0.5 -0.5 -0.5
0 0 -1 -1
0 1 -1 -2
0 1 -1 -1

Chamber 303:
-0.5 -0.5 0.5 0.5
-1 -1 0 0
-2 -1 1 0
-1.5 -0.5 0.5 0.5

Chamber 304:
-0.5 -0.5 0.5 -0.5
-1 -1 0 0
-2 -1 1 0
-1 -1 1 0

Chamber 305:
-0.5 -0.5 -0.5 0.5
-1 -1 0 0
-1 -2 0 1
-1 -1 0 1

Chamber 306:
-0.5 -0.5 -0.5 -0.5
-1 -1 0 0
-1 -2 0 -1
-0.5 -1.5 -0.5 -0.5

Chamber 307:
-1 0 0 0
-1 -1 0 0
-2 -1 0 -1
-1.5 -0.5 -0.5 -0.5

Chamber 308:
-1 0 0 0
-1 -1 0 0
-2 -1 -1 0
-1.5 -0.5 -0.5 0.5

Chamber 309:
-1 0 0 0
-1 -1 0 0
-2 -1 0 1
-1.5 -0.5 0.5 0.5

Chamber 310:
-1 0 0 0
-1 -1 0 0
-2 -1 1 0
-1.5 -0.5 0.5 -0.5

Chamber 311:
0.5 -0.5 0.5 0.5
0 0 1 1
0 -1 2 1
0.5 -0.5 1.5 0.5

Chamber 312:
0.5 -0.5 0.5 0.5
0 0 1 1
1 0 1 2
0.5 -0.5 0.5 1.5

Chamber 313:
-0.5 0.5 -0.5 -0.5
-1 1 0 0
-2 1 0 -1
-1.5 0.5 -0.5 -0.5

Chamber 314:
0.5 0.5 0.5 0.5
0 0 1 1
0 1 2 1
0 1 1 1

Chamber 315:
0.5 0.5 0.5 -0.5
0 1 1 0
0 1 2 -1
0 1 1 -1

Chamber 316:
0.5 0.5 -0.5 0.5
0 1 0 1
0 2 -1 1
0 1 -1 1

Chamber 317:
0.5 -0.5 -0.5 0.5
0 0 -1 1
0 -1 -2 1
0 -1 -1 1

Chamber 318:
0.5 -0.5 0.5 0.5
0 0 1 1
0 -1 1 2
0 -1 1 1

Chamber 319:
0.5 -0.5 0.5 -0.5
0 0 1 -1
0 -1 2 -1
0 -1 1 -1

Chamber 320:
0.5 -0.5 0.5 -0.5
0 0 1 -1
1 0 1 -2
1 0 1 -1

Chamber 321:
-0.5 0.5 -0.5 0.5
-1 1 0 0
-2 1 0 1
-1 1 0 1

Chamber 322:
0.5 0.5 0.5 0.5
0 1 1 0
0 1 2 1
0.5 0.5 1.5 0.5

Chamber 323:
0.5 0.5 0.5 -0.5
0 0 1 -1
0 1 2 -1
0.5 0.5 1.5 -0.5

Chamber 324:
0.5 0.5 -0.5 -0.5
0 1 0 -1
0 2 -1 -1
0.5 1.5 -0.5 -0.5

Chamber 325:
0.5 -0.5 0.5 -0.5
0 0 1 -1
0 -1 1 -2
0.5 -0.5 0.5 -1.5

Chamber 326:
0.5 -0.5 -0.5 -0.5
0 0 -1 -1
0 -1 -2 -1
0.5 -0.5 -1.5 -0.5

Chamber 327:
0.5 -0.5 -0.5 0.5
0 0 -1 1
1 0 -1 2
1 0 -1 1

Chamber 328:
-0.5 0.5 0.5 -0.5
-1 1 0 0
-1 2 1 0
-1 1 1 0

Chamber 329:
0.5 0.5 0.5 0.5
0 1 0 1
1 1 0 2
0.5 0.5 0.5 1.5

Chamber 330:
0.5 0.5 -0.5 0.5
0 0 -1 1
1 0 -1 2
0.5 0.5 -0.5 1.5

Chamber 331:
0.5 0.5 -0.5 -0.5
0 1 -1 0
1 2 -1 0
0.5 1.5 -0.5 -0.5

Chamber 332:
0.5 -0.5 -0.5 0.5
0 0 -1 1
1 0 -2 1
0.5 -0.5 -1.5 0.5

Chamber 333:
0.5 -0.5 -0.5 -0.5
0 0 -1 -1
1 0 -1 -2
0.5 -0.5 -0.5 -1.5

Chamber 334:
-0.5 0.5 0.5 0.5
-1 1 0 0
-1 2 1 0
-0.5 1.5 0.5 0.5

Chamber 335:
0.5 0.5 0.5 -0.5
0 1 0 -1
1 1 0 -2
1 1 0 -1

Chamber 336:
0.5 0.5 -0.5 0.5
0 1 -1 0
1 2 -1 0
1 1 -1 0

Chamber 337:
0.5 0.5 -0.5 -0.5
0 0 -1 -1
1 0 -1 -2
1 0 -1 -1

Chamber 338:
0.5 -0.5 -0.5 -0.5
0 0 -1 -1
1 0 -2 -1
1 0 -1 -1

Chamber 339:
-0.5 -0.5 -0.5 -0.5
-1 -1 0 0
-2 -1 0 -1
-1 -1 0 -1

Chamber 340:
-0.5 -0.5 -0.5 -0.5
-1 -1 0 0
-1 -2 -1 0
-1 -1 -1 0

Chamber 341:
-0.5 0.5 0.5 -0.5
-1 0 1 0
-2 0 1 -1
-1.5 0.5 0.5 -0.5

Chamber 342:
-0.5 0.5 -0.5 0.5
-1 0 0 1
-2 1 0 1
-1.5 0.5 -0.5 0.5

Chamber 343:
-0.5 -0.5 0.5 -0.5
-1 -1 0 0
-2 -1 0 -1
-1.5 -0.5 0.5 -0.5

Chamber 344:
-0.5 -0.5 -0.5 -0.5
-1 -1 0 0
-2 -1 -1 0
-1.5 -0.5 -0.5 -0.5

Chamber 345:
-0.5 -0.5 -0.5 0.5
-1 -1 0 0
-2 -1 0 1
-1.5 -0.5 -0.5 0.5

Chamber 346:
-0.5 -0.5 -0.5 0.5
-1 -1 0 0
-1 -2 -1 0
-0.5 -1.5 -0.5 0.5

Chamber 347:
-0.5 0.5 0.5 0.5
-1 0 1 0
-2 0 1 1
-1 0 1 1

Chamber 348:
-0.5 0.5 -0.5 -0.5
-1 0 0 -1
-2 1 0 -1
-1 1 0 -1

Chamber 349:
-0.5 -0.5 -0.5 0.5
-1 -1 0 0
-2 -1 -1 0
-1 -1 -1 0

Chamber 350:
-0.5 -0.5 0.5 0.5
-1 -1 0 0
-2 -1 0 1
-1 -1 0 1

Chamber 351:
-0.5 -0.5 0.5 -0.5
-1 -1 0 0
-1 -2 1 0
-0.5 -1.5 0.5 -0.5

Chamber 352:
-0.5 0.5 0.5 0.5
-1 0 0 1
-1 0 1 2
-1 0 1 1

Chamber 353:
-0.5 0.5 -0.5 -0.5
-1 0 -1 0
-1 1 -2 0
-1 1 -1 0

Chamber 354:
-0.5 -0.5 0.5 -0.5
-1 -1 0 0
-1 -2 0 -1
-1 -1 0 -1

Chamber 355:
-0.5 -0.5 0.5 0.5
-1 -1 0 0
-1 -2 1 0
-1 -1 1 0

Chamber 356:
-0.5 0.5 0.5 -0.5
-1 0 0 -1
-1 0 1 -2
-0.5 0.5 0.5 -1.5

Chamber 357:
-0.5 0.5 -0.5 0.5
-1 0 -1 0
-1 1 -2 0
-0.5 0.5 -1.5 0.5

Chamber 358:
-0.5 -0.5 0.5 0.5
-1 -1 0 0
-1 -2 0 1
-0.5 -1.5 0.5 0.5

Chamber 359:
0 0 1 0
-1 0 1 0
-1 0 2 1
-0.5 -0.5 1.5 0.5

Chamber 360:
0 0 1 0
-1 0 1 0
-1 1 2 0
-0.5 0.5 1.5 0.5

Chamber 361:
0 0 1 0
-1 0 1 0
-1 0 2 -1
-0.5 0.5 1.5 -0.5

Chamber 362:
0 1 0 0
-1 1 0 0
-1 2 -1 0
-0.5 1.5 -0.5 0.5

Chamber 363:
0 0 0 -1
-1 0 0 -1
-1 -1 0 -2
-0.5 -0.5 -0.5 -1.5

Chamber 364:
0 0 -1 0
-1 0 -1 0
-1 -1 -2 0
-0.5 -0.5 -1.5 0.5

Chamber 365:
0 0 0 1
-1 0 0 1
-1 -1 0 2
-0.5 -0.5 0.5 1.5

Chamber 366:
0 0 1 0
-1 0 1 0
-1 -1 2 0
-0.5 -0.5 1.5 -0.5

Chamber 367:
0 0 0 1
-1 0 0 1
-1 0 1 2
-0.5 0.5 0.5 1.5

Chamber 368:
0 1 0 0
-1 1 0 0
-1 2 1 0
-0.5 1.5 0.5 -0.5

Chamber 369:
0 0 0 1
-1 0 0 1
-1 1 0 2
-0.5 0.5 -0.5 1.5

Chamber 370:
0 0 -1 0
-1 0 -1 0
-1 0 -2 -1
-0.5 -0.5 -1.5 -0.5

Chamber 371:
0 0 0 1
-1 0 0 1
-1 0 -1 2
-0.5 -0.5 -0.5 1.5

Chamber 372:
0 0 0 -1
-1 0 0 -1
-1 0 1 -2
-0.5 -0.5 0.5 -1.5

Chamber 373:
0 1 0 0
-1 1 0 0
-1 2 0 -1
-0.5 1.5 -0.5 -0.5

Chamber 374:
0 1 0 0
-1 1 0 0
-1 2 0 1
-0.5 1.5 0.5 0.5

Chamber 375:
0 0 0 -1
-1 0 0 -1
-1 1 0 -2
-0.5 0.5 0.5 -1.5

Chamber 376:
0 0 0 -1
-1 0 0 -1
-1 0 -1 -2
-0.5 0.5 -0.5 -1.5

Chamber 377:
0 0 -1 0
-1 0 -1 0
-1 0 -2 1
-0.5 0.5 -1.5 0.5

Chamber 378:
0 0 -1 0
-1 0 -1 0
-1 1 -2 0
-0.5 0.5 -1.5 -0.5

Chamber 379:
0 -1 0 0
-1 -1 0 0
-1 -2 0 -1
-0.5 -1.5 0.5 -0.5

Chamber 380:
0 -1 0 0
-1 -1 0 0
-1 -2 -1 0
-0.5 -1.5 -0.5 -0.5

Chamber 381:
0 -1 0 0
-1 -1 0 0
-1 -2 0 1
-0.5 -1.5 -0.5 0.5

Chamber 382:
0 0 -1 0
0 1 -1 0
0 1 -2 1
0.5 0.5 -1.5 0.5

Chamber 383:
0 0 -1 0
0 1 -1 0
1 1 -2 0
0.5 0.5 -1.5 -0.5

Chamber 384:
-1 0 0 0
-1 1 0 0
-2 1 0 1
-1.5 0.5 -0.5 0.5

Chamber 385:
0 0 -1 0
1 0 -1 0
1 0 -2 1
0.5 -0.5 -1.5 0.5

Chamber 386:
0.5 0.5 -0.5 0.5
0 1 -1 0
0 1 -2 1
0 1 -1 1

Chamber 387:
-0.5 -0.5 -0.5 0.5
-1 0 0 1
-1 0 -1 2
-1 0 -1 1

Chamber 388:
0.5 -0.5 -0.5 -0.5
1 0 0 -1
2 -1 0 -1
1 -1 0 -1

Chamber 389:
-0.5 0.5 -0.5 -0.5
0 1 -1 0
-1 2 -1 0
-1 1 -1 0

Chamber 390:
-0.5 0.5 -0.5 0.5
0 1 -1 0
0 1 -2 1
-0.5 0.5 -1.5 0.5

Chamber 391:
0 1 0 0
0 1 -1 0
0 2 -1 1
-0.5 1.5 -0.5 0.5

Chamber 392:
0 0 -1 0
0 0 -1 -1
0 -1 -2 -1
-0.5 -0.5 -1.5 -0.5

Chamber 393:
0 0 -1 0
0 -1 -1 0
0 -1 -2 1
-0.5 -0.5 -1.5 0.5

Chamber 394:
0 0 0 1
0 1 0 1
0 1 -1 2
-0.5 0.5 -0.5 1.5

Chamber 395:
0 0 1 0
0 1 1 0
0 1 2 1
-0.5 0.5 1.5 0.5

Chamber 396:
0 0 -1 0
0 1 -1 0
0 1 -2 -1
-0.5 0.5 -1.5 -0.5

Chamber 397:
0.5 0.5 -0.5 0.5
0 1 -1 0
1 1 -2 0
0.5 0.5 -1.5 0.5

Chamber 398:
0.5 0.5 -0.5 -0.5
0 1 -1 0
1 1 -2 0
1 1 -1 0

Chamber 399:
-0.5 -0.5 -0.5 -0.5
-1 0 0 -1
-1 -1 0 -2
-1 -1 0 -1

Chamber 400:
-0.5 -0.5 -0.5 0.5
-1 0 0 1
-1 -1 0 2
-0.5 -0.5 -0.5 1.5

Chamber 401:
0.5 -0.5 -0.5 0.5
1 0 0 1
2 0 -1 1
1 0 -1 1

Chamber 402:
0.5 -0.5 -0.5 -0.5
1 0 0 -1
2 0 -1 -1
1.5 -0.5 -0.5 -0.5

Chamber 403:
-0.5 0.5 -0.5 -0.5
0 1 -1 0
0 2 -1 -1
-0.5 1.5 -0.5 -0.5

Chamber 404:
-0.5 0.5 -0.5 0.5
0 1 -1 0
0 2 -1 1
0 1 -1 1

Chamber 405:
0 0 -1 0
0 0 -1 -1
1 0 -2 -1
0.5 -0.5 -1.5 -0.5

Chamber 406:
0 0 -1 0
0 0 -1 1
1 0 -2 1
0.5 0.5 -1.5 0.5

Chamber 407:
0 0 0 1
0 1 0 1
1 1 0 2
0.5 0.5 -0.5 1.5

Chamber 408:
0 0 0 -1
0 1 0 -1
1 1 0 -2
0.5 0.5 0.5 -1.5

Chamber 409:
-1 0 0 0
-1 1 0 0
-2 1 0 -1
-1.5 0.5 0.5 -0.5

Chamber 410:
0 0 -1 0
1 0 -1 0
1 0 -2 -1
0.5 0.5 -1.5 -0.5

Chamber 411:
0.5 0.5 -0.5 -0.5
0 1 -1 0
0 1 -2 -1
0.5 0.5 -1.5 -0.5

Chamber 412:
-0.5 -0.5 -0.5 -0.5
-1 0 0 -1
-1 0 -1 -2
-0.5 -0.5 -0.5 -1.5

Chamber 413:
0.5 -0.5 -0.5 0.5
1 0 0 1
2 -1 0 1
1.5 -0.5 -0.5 0.5

Chamber 414:
-0.5 0.5 -0.5 -0.5
0 1 -1 0
0 1 -2 -1
0 1 -1 -1

Chamber 415:
-0.5 0.5 -0.5 0.5
0 1 -1 0
-1 2 -1 0
-0.5 1.5 -0.5 0.5

Chamber 416:
0 1 0 0
0 1 -1 0
0 2 -1 -1
0.5 1.5 -0.5 -0.5

Chamber 417:
0 0 -1 0
0 -1 -1 0
0 -1 -2 -1
0.5 -0.5 -1.5 -0.5

Chamber 418:
0 0 -1 0
0 0 -1 1
0 -1 -2 1
0.5 -0.5 -1.5 0.5

Chamber 419:
0 0 1 0
0 1 1 0
0 1 2 -1
0.5 0.5 1.5 -0.5

Chamber 420:
0 0 0 -1
0 1 0 -1
0 1 -1 -2
0.5 0.5 -0.5 -1.5

Chamber 421:
-0.5 0.5 0.5 0.5
-1 1 0 0
-1 2 0 1
-1 1 0 1

Chamber 422:
-0.5 0.5 0.5 -0.5
-1 1 0 0
-1 2 0 -1
-0.5 1.5 0.5 -0.5

Chamber 423:
-0.5 0.5 -0.5 0.5
-1 1 0 0
-2 1 -1 0
-1.5 0.5 -0.5 0.5

Chamber 424:
-0.5 0.5 -0.5 -0.5
-1 1 0 0
-2 1 -1 0
-1 1 -1 0

Chamber 425:
-0.5 -0.5 0.5 0.5
0 0 1 1
0 -1 1 2
-0.5 -0.5 0.5 1.5

Chamber 426:
-0.5 -0.5 0.5 -0.5
0 0 1 -1
0 -1 1 -2
0 -1 1 -1

Chamber 427:
-0.5 -0.5 -0.5 0.5
0 0 -1 1
-1 0 -2 1
-1 0 -1 1

Chamber 428:
-0.5 -0.5 -0.5 -0.5
0 0 -1 -1
-1 0 -2 -1
-0.5 -0.5 -1.5 -0.5

Chamber 429:
-1 0 0 0
-1 0 0 -1
-2 0 -1 -1
-1.5 -0.5 -0.5 -0.5

Chamber 430:
-1 0 0 0
-1 0 0 1
-2 0 -1 1
-1.5 0.5 -0.5 0.5

Chamber 431:
-1 0 0 0
-1 1 0 0
-2 1 -1 0
-1.5 0.5 -0.5 -0.5

Chamber 432:
0.5 0.5 -0.5 0.5
1 0 -1 0
2 0 -1 1
1 0 -1 1

Chamber 433:
0.5 0.5 -0.5 -0.5
1 0 -1 0
2 0 -1 -1
1.5 0.5 -0.5 -0.5

Chamber 434:
-0.5 -0.5 -0.5 -0.5
0 -1 0 -1
0 -2 -1 -1
-0.5 -1.5 -0.5 -0.5

Chamber 435:
-0.5 -0.5 -0.5 0.5
0 -1 0 1
0 -2 -1 1
0 -1 -1 1

Chamber 436:
0.5 -0.5 -0.5 0.5
1 0 -1 0
1 -1 -2 0
0.5 -0.5 -1.5 0.5

Chamber 437:
0.5 -0.5 -0.5 -0.5
1 0 -1 0
1 -1 -2 0
1 -1 -1 0

Chamber 438:
-0.5 0.5 -0.5 -0.5
0 1 0 -1
-1 1 0 -2
-1 1 0 -1

Chamber 439:
-0.5 0.5 -0.5 0.5
0 1 0 1
-1 1 0 2
-0.5 0.5 -0.5 1.5

Chamber 440:
0 0 0 1
1 0 0 1
1 -1 0 2
0.5 -0.5 -0.5 1.5

Chamber 441:
0 0 0 -1
1 0 0 -1
1 -1 0 -2
0.5 -0.5 0.5 -1.5

Chamber 442:
0 0 -1 0
1 0 -1 0
1 -1 -2 0
0.5 -0.5 -1.5 -0.5

Chamber 443:
0.5 0.5 -0.5 0.5
0 1 -1 0
0 2 -1 1
0.5 1.5 -0.5 0.5

Chamber 444:
-0.5 -0.5 0.5 -0.5
-1 0 0 -1
-2 0 1 -1
-1.5 -0.5 0.5 -0.5

Chamber 445:
0.5 0.5 -0.5 0.5
1 0 0 1
1 1 0 2
0.5 0.5 -0.5 1.5

Chamber 446:
0.5 -0.5 -0.5 0.5
0 -1 -1 0
0 -2 -1 1
0 -1 -1 1

Chamber 447:
0.5 0.5 -0.5 0.5
0 0 -1 1
0 1 -1 2
0 1 -1 1

Chamber 448:
0.5 0.5 0.5 0.5
0 1 1 0
0 2 1 1
0 1 1 1

Chamber 449:
0.5 0.5 0.5 -0.5
0 1 0 -1
0 2 1 -1
0 1 1 -1

Chamber 450:
0.5 0.5 -0.5 -0.5
0 1 -1 0
0 2 -1 -1
0 1 -1 -1

Chamber 451:
-0.5 -0.5 0.5 0.5
-1 0 0 1
-2 0 1 1
-1 0 1 1

Chamber 452:
0.5 0.5 -0.5 -0.5
1 0 0 -1
1 1 0 -2
1 1 0 -1

Chamber 453:
0.5 0.5 -0.5 -0.5
0 0 -1 -1
0 1 -1 -2
0.5 0.5 -0.5 -1.5

Chamber 454:
0.5 -0.5 -0.5 -0.5
0 -1 -1 0
0 -2 -1 -1
0.5 -1.5 -0.5 -0.5

Chamber 455:
0.5 0.5 0.5 0.5
0 1 0 1
0 2 1 1
0.5 1.5 0.5 0.5

Chamber 456:
0.5 0.5 0.5 -0.5
0 1 1 0
0 2 1 -1
0.5 1.5 0.5 -0.5

Chamber 457:
-0.5 -0.5 -0.5 -0.5
-1 0 0 -1
-2 0 -1 -1
-1 0 -1 -1

Chamber 458:
-0.5 -0.5 -0.5 -0.5
0 -1 -1 0
-1 -1 -2 0
-1 -1 -1 0

Chamber 459:
-0.5 0.5 0.5 -0.5
-1 0 0 -1
-2 1 0 -1
-1.5 0.5 0.5 -0.5

Chamber 460:
-0.5 0.5 -0.5 -0.5
-1 0 0 -1
-2 0 -1 -1
-1.5 0.5 -0.5 -0.5

Chamber 461:
-0.5 -0.5 0.5 0.5
-1 0 1 0
-2 0 1 1
-1.5 -0.5 0.5 0.5

Chamber 462:
-0.5 -0.5 -0.5 0.5
-1 0 0 1
-2 0 -1 1
-1.5 -0.5 -0.5 0.5

Chamber 463:
-0.5 -0.5 -0.5 0.5
0 -1 -1 0
-1 -1 -2 0
-0.5 -0.5 -1.5 0.5

Chamber 464:
-0.5 0.5 0.5 0.5
-1 0 0 1
-2 1 0 1
-1 1 0 1

Chamber 465:
-0.5 0.5 -0.5 0.5
-1 0 0 1
-2 0 -1 1
-1 0 -1 1

Chamber 466:
-0.5 -0.5 0.5 -0.5
-1 0 1 0
-2 0 1 -1
-1 0 1 -1

Chamber 467:
0.5 -0.5 -0.5 0.5
1 0 0 1
1 -1 0 2
1 -1 0 1

Chamber 468:
-0.5 0.5 0.5 -0.5
0 1 1 0
-1 1 2 0
-1 1 1 0

Chamber 469:
0.5 0.5 0.5 0.5
1 0 0 1
1 0 1 2
0.5 0.5 0.5 1.5

Chamber 470:
0.5 -0.5 -0.5 0.5
1 -1 0 0
1 -2 0 1
0.5 -1.5 -0.5 0.5

Chamber 471:
0.5 -0.5 0.5 0.5
1 0 0 1
1 -1 0 2
0.5 -0.5 0.5 1.5

Chamber 472:
0.5 -0.5 -0.5 -0.5
1 0 0 -1
1 -1 0 -2
0.5 -0.5 -0.5 -1.5

Chamber 473:
-0.5 0.5 0.5 0.5
0 1 1 0
-1 1 2 0
-0.5 0.5 1.5 0.5

Chamber 474:
0.5 0.5 0.5 -0.5
1 0 0 -1
1 0 1 -2
1 0 1 -1

Chamber 475:
0.5 -0.5 -0.5 -0.5
1 -1 0 0
1 -2 0 -1
1 -1 0 -1

Chamber 476:
0.5 -0.5 0.5 -0.5
1 0 0 -1
1 -1 0 -2
1 -1 0 -1

Chamber 477:
-0.5 0.5 -0.5 -0.5
0 1 -1 0
-1 1 -2 0
-0.5 0.5 -1.5 -0.5

Chamber 478:
-0.5 0.5 -0.5 -0.5
0 0 -1 -1
-1 0 -2 -1
-1 0 -1 -1

Chamber 479:
-0.5 0.5 0.5 0.5
0 1 0 1
-1 1 0 2
-1 1 0 1

Chamber 480:
-0.5 0.5 -0.5 0.5
0 1 -1 0
-1 1 -2 0
-1 1 -1 0

Chamber 481:
-0.5 0.5 -0.5 0.5
0 0 -1 1
-1 0 -2 1
-0.5 0.5 -1.5 0.5

Chamber 482:
-0.5 0.5 0.5 -0.5
0 1 0 -1
-1 1 0 -2
-0.5 0.5 0.5 -1.5

Chamber 483:
0 0 0 -1
0 0 -1 -1
-1 0 -1 -2
-0.5 -0.5 -0.5 -1.5

Chamber 484:
0 0 0 1
0 0 -1 1
-1 0 -1 2
-0.5 0.5 -0.5 1.5

Chamber 485:
0 1 0 0
0 1 0 1
-1 2 0 1
-0.5 1.5 -0.5 0.5

Chamber 486:
0 1 0 0
0 1 0 -1
-1 2 0 -1
-0.5 1.5 0.5 -0.5

Chamber 487:
0 1 0 0
0 1 -1 0
-1 2 -1 0
-0.5 1.5 -0.5 -0.5

Chamber 488:
0 0 -1 0
0 0 -1 -1
-1 0 -2 -1
-0.5 0.5 -1.5 -0.5

Chamber 489:
0 0 -1 0
0 -1 -1 0
-1 -1 -2 0
-0.5 -0.5 -1.5 -0.5

Chamber 490:
0 0 1 0
0 0 1 -1
-1 0 2 -1
-0.5 -0.5 1.5 -0.5

Chamber 491:
0 0 -1 0
0 0 -1 1
-1 0 -2 1
-0.5 -0.5 -1.5 0.5

Chamber 492:
0 0 0 1
0 -1 0 1
-1 -1 0 2
-0.5 -0.5 -0.5 1.5

Chamber 493:
0 0 0 -1
0 -1 0 -1
-1 -1 0 -2
-0.5 -0.5 0.5 -1.5

Chamber 494:
0 0 1 0
0 0 1 1
-1 0 2 1
-0.5 0.5 1.5 0.5

Chamber 495:
0 0 0 1
0 1 0 1
-1 1 0 2
-0.5 0.5 0.5 1.5

Chamber 496:
0 0 1 0
0 1 1 0
-1 1 2 0
-0.5 0.5 1.5 -0.5

Chamber 497:
0 0 0 -1
0 1 0 -1
-1 1 0 -2
-0.5 0.5 -0.5 -1.5

Chamber 498:
0.5 0.5 0.5 -0.5
0 1 0 -1
0 1 1 -2
0.5 0.5 0.5 -1.5

Chamber 499:
-0.5 -0.5 -0.5 -0.5
-1 0 -1 0
-2 -1 -1 0
-1 -1 -1 0

Chamber 500:
0.5 0.5 -0.5 -0.5
0 1 0 -1
1 2 0 -1
1 1 0 -1

Chamber 501:
-0.5 -0.5 0.5 -0.5
-1 0 1 0
-1 0 2 -1
-0.5 -0.5 1.5 -0.5

Chamber 502:
0.5 -0.5 0.5 -0.5
1 0 1 0
1 0 2 -1
1 0 1 -1

Chamber 503:
-0.5 0.5 -0.5 -0.5
0 1 0 -1
-1 2 0 -1
-0.5 1.5 -0.5 -0.5

Chamber 504:
0.5 -0.5 -0.5 -0.5
1 0 -1 0
2 -1 -1 0
1.5 -0.5 -0.5 -0.5

Chamber 505:
-0.5 0.5 0.5 -0.5
0 1 0 -1
0 1 1 -2
0 1 1 -1

Chamber 506:
0 0 0 -1
0 0 -1 -1
0 -1 -1 -2
0.5 -0.5 -0.5 -1.5

Chamber 507:
0 0 0 -1
0 0 1 -1
0 1 1 -2
0.5 0.5 0.5 -1.5

Chamber 508:
-0.5 0.5 0.5 0.5
-1 1 0 0
-2 1 1 0
-1 1 1 0

Chamber 509:
-0.5 0.5 0.5 -0.5
-1 1 0 0
-2 1 1 0
-1.5 0.5 0.5 -0.5

Chamber 510:
-0.5 0.5 -0.5 0.5
-1 1 0 0
-1 2 0 1
-0.5 1.5 -0.5 0.5

Chamber 511:
-0.5 0.5 -0.5 -0.5
-1 1 0 0
-1 2 0 -1
-1 1 0 -1

Chamber 512:
-0.5 -0.5 0.5 0.5
0 0 1 1
-1 0 2 1
-0.5 -0.5 1.5 0.5

Chamber 513:
-0.5 -0.5 0.5 -0.5
0 0 1 -1
-1 0 2 -1
-1 0 1 -1

Chamber 514:
-0.5 -0.5 -0.5 0.5
0 0 -1 1
0 -1 -1 2
0 -1 -1 1

Chamber 515:
-0.5 -0.5 -0.5 -0.5
0 0 -1 -1
0 -1 -1 -2
-0.5 -0.5 -0.5 -1.5

Chamber 516:
-1 0 0 0
-1 0 -1 0
-2 -1 -1 0
-1.5 -0.5 -0.5 -0.5

Chamber 517:
-1 0 0 0
-1 0 1 0
-2 1 1 0
-1.5 0.5 0.5 -0.5

Chamber 518:
0 0 0 -1
1 0 0 -1
1 1 0 -2
0.5 0.5 -0.5 -1.5

Chamber 519:
-0.5 -0.5 -0.5 -0.5
-1 0 -1 0
-1 -1 -2 0
-0.5 -0.5 -1.5 -0.5

Chamber 520:
0.5 0.5 -0.5 -0.5
0 1 0 -1
1 1 0 -2
0.5 0.5 -0.5 -1.5

Chamber 521:
0.5 -0.5 0.5 -0.5
1 0 1 0
2 0 1 -1
1.5 -0.5 0.5 -0.5

Chamber 522:
-0.5 0.5 -0.5 -0.5
0 1 0 -1
0 2 -1 -1
0 1 -1 -1

Chamber 523:
-0.5 0.5 0.5 -0.5
0 1 0 -1
0 2 1 -1
-0.5 1.5 0.5 -0.5

Chamber 524:
0 1 0 0
0 1 0 -1
1 2 0 -1
0.5 1.5 -0.5 -0.5

Chamber 525:
0 0 0 -1
0 -1 0 -1
1 -1 0 -2
0.5 -0.5 -0.5 -1.5

Chamber 526:
0 0 0 -1
0 0 1 -1
1 0 1 -2
0.5 -0.5 0.5 -1.5

Chamber 527:
-0.5 -0.5 -0.5 -0.5
0 -1 -1 0
-1 -2 -1 0
-0.5 -1.5 -0.5 -0.5

Chamber 528:
0.5 0.5 -0.5 -0.5
1 0 0 -1
2 1 0 -1
1.5 0.5 -0.5 -0.5

Chamber 529:
-0.5 -0.5 0.5 -0.5
0 -1 1 0
0 -1 2 -1
0 -1 1 -1

Chamber 530:
0.5 -0.5 0.5 -0.5
1 0 0 -1
1 0 1 -2
0.5 -0.5 0.5 -1.5

Chamber 531:
-0.5 0.5 0.5 -0.5
0 1 1 0
0 1 2 -1
-0.5 0.5 1.5 -0.5

Chamber 532:
0 0 1 0
1 0 1 0
1 0 2 -1
0.5 -0.5 1.5 -0.5

Chamber 533:
0 0 0 -1
1 0 0 -1
1 0 -1 -2
0.5 -0.5 -0.5 -1.5

Chamber 534:
-0.5 -0.5 -0.5 0.5
-1 0 -1 0
-2 -1 -1 0
-1.5 -0.5 -0.5 0.5

Chamber 535:
0.5 0.5 0.5 -0.5
0 1 0 -1
1 2 0 -1
0.5 1.5 0.5 -0.5

Chamber 536:
0.5 0.5 0.5 -0.5
1 0 1 0
1 0 2 -1
0.5 0.5 1.5 -0.5

Chamber 537:
0.5 -0.5 0.5 -0.5
0 -1 0 -1
0 -1 1 -2
0 -1 1 -1

Chamber 538:
0.5 0.5 0.5 -0.5
0 0 1 -1
0 1 1 -2
0 1 1 -1

Chamber 539:
0.5 0.5 -0.5 -0.5
0 1 0 -1
0 1 -1 -2
0 1 -1 -1

Chamber 540:
0.5 0.5 0.5 0.5
0 1 0 1
0 1 1 2
0 1 1 1

Chamber 541:
-0.5 -0.5 -0.5 -0.5
-1 0 -1 0
-1 0 -2 -1
-1 0 -1 -1

Chamber 542:
-0.5 -0.5 -0.5 -0.5
0 -1 0 -1
-1 -2 0 -1
-1 -1 0 -1

Chamber 543:
-0.5 0.5 -0.5 0.5
-1 0 -1 0
-2 0 -1 1
-1.5 0.5 -0.5 0.5

Chamber 544:
-0.5 0.5 -0.5 -0.5
-1 0 -1 0
-2 1 -1 0
-1.5 0.5 -0.5 -0.5

Chamber 545:
-0.5 -0.5 0.5 0.5
-1 0 0 1
-2 -1 0 1
-1.5 -0.5 0.5 0.5

Chamber 546:
-0.5 -0.5 0.5 -0.5
-1 0 1 0
-2 -1 1 0
-1.5 -0.5 0.5 -0.5

Chamber 547:
-0.5 -0.5 0.5 0.5
-1 0 1 0
-1 0 2 1
-1 0 1 1

Chamber 548:
0.5 0.5 -0.5 -0.5
1 0 -1 0
2 1 -1 0
1 1 -1 0

Chamber 549:
0.5 0.5 -0.5 -0.5
0 0 -1 -1
1 0 -2 -1
0.5 0.5 -1.5 -0.5

Chamber 550:
0.5 -0.5 -0.5 -0.5
0 -1 0 -1
1 -2 0 -1
0.5 -1.5 -0.5 -0.5

Chamber 551:
0.5 0.5 0.5 0.5
0 1 1 0
1 2 1 0
0.5 1.5 0.5 0.5

Chamber 552:
0.5 0.5 -0.5 0.5
0 1 0 1
1 2 0 1
0.5 1.5 -0.5 0.5

Chamber 553:
-0.5 -0.5 0.5 -0.5
0 -1 0 -1
0 -1 1 -2
-0.5 -0.5 0.5 -1.5

Chamber 554:
-0.5 0.5 0.5 0.5
-1 0 1 0
-1 1 2 0
-1 1 1 0

Chamber 555:
-0.5 0.5 0.5 -0.5
-1 0 1 0
-1 0 2 -1
-1 0 1 -1

Chamber 556:
-0.5 0.5 -0.5 0.5
0 1 0 1
-1 2 0 1
-1 1 0 1

Chamber 557:
0.5 -0.5 0.5 -0.5
1 0 1 0
2 -1 1 0
1 -1 1 0

Chamber 558:
0.5 -0.5 0.5 -0.5
1 -1 0 0
1 -2 0 -1
0.5 -1.5 0.5 -0.5

Chamber 559:
0.5 0.5 0.5 0.5
1 0 1 0
1 1 2 0
0.5 0.5 1.5 0.5

Chamber 560:
0.5 -0.5 -0.5 -0.5
1 0 -1 0
1 0 -2 -1
0.5 -0.5 -1.5 -0.5

Chamber 561:
0.5 -0.5 0.5 0.5
1 0 1 0
1 0 2 1
0.5 -0.5 1.5 0.5

Chamber 562:
-0.5 0.5 -0.5 -0.5
0 1 0 -1
0 1 -1 -2
-0.5 0.5 -0.5 -1.5

Chamber 563:
-0.5 0.5 0.5 0.5
0 1 1 0
-1 2 1 0
-1 1 1 0

Chamber 564:
-0.5 0.5 0.5 -0.5
0 1 0 -1
-1 2 0 -1
-1 1 0 -1

Chamber 565:
-0.5 0.5 0.5 0.5
0 1 0 1
0 1 1 2
-0.5 0.5 0.5 1.5

Chamber 566:
0.5 -0.5 -0.5 -0.5
1 -1 0 0
2 -1 -1 0
1 -1 -1 0

Chamber 567:
0.5 -0.5 -0.5 0.5
1 0 -1 0
2 -1 -1 0
1 -1 -1 0

Chamber 568:
-0.5 0.5 0.5 -0.5
0 0 1 -1
0 1 1 -2
-0.5 0.5 0.5 -1.5

Chamber 569:
0 0 0 -1
0 0 -1 -1
0 1 -1 -2
-0.5 0.5 -0.5 -1.5

Chamber 570:
0 0 0 -1
0 -1 0 -1
0 -1 -1 -2
-0.5 -0.5 -0.5 -1.5

Chamber 571:
0 0 0 -1
0 0 1 -1
0 -1 1 -2
-0.5 -0.5 0.5 -1.5

Chamber 572:
0 0 0 1
0 0 -1 1
0 -1 -1 2
-0.5 -0.5 -0.5 1.5

Chamber 573:
0 0 1 0
0 0 1 -1
0 1 2 -1
-0.5 0.5 1.5 -0.5

Chamber 574:
0 1 0 0
0 1 1 0
0 2 1 -1
-0.5 1.5 0.5 -0.5

Chamber 575:
0 1 0 0
0 1 0 -1
0 2 -1 -1
-0.5 1.5 -0.5 -0.5

Chamber 576:
0 0 1 0
0 -1 1 0
0 -1 2 -1
-0.5 -0.5 1.5 -0.5

Chamber 577:
0 0 0 1
0 0 1 1
0 1 1 2
-0.5 0.5 0.5 1.5

Chamber 578:
-0.5 0.5 0.5 0.5
-1 0 0 1
-2 0 1 1
-1.5 0.5 0.5 0.5

Chamber 579:
-0.5 0.5 0.5 0.5
-1 0 1 0
-2 1 1 0
-1.5 0.5 0.5 0.5

Chamber 580:
-0.5 0.5 0.5 0.5
-1 1 0 0
-2 1 0 1
-1.5 0.5 0.5 0.5

Chamber 581:
-0.5 0.5 0.5 -0.5
-1 0 0 -1
-2 0 1 -1
-1 0 1 -1

Chamber 582:
-0.5 0.5 0.5 -0.5
-1 0 1 0
-2 1 1 0
-1 1 1 0

Chamber 583:
-0.5 0.5 0.5 -0.5
-1 1 0 0
-2 1 0 -1
-1 1 0 -1

Chamber 584:
-0.5 0.5 -0.5 0.5
-1 0 -1 0
-1 0 -2 1
-1 0 -1 1

Chamber 585:
-0.5 0.5 -0.5 0.5
-1 0 0 1
-1 1 0 2
-1 1 0 1

Chamber 586:
-0.5 0.5 -0.5 0.5
-1 1 0 0
-1 2 -1 0
-1 1 -1 0

Chamber 587:
-0.5 0.5 -0.5 -0.5
-1 0 -1 0
-1 0 -2 -1
-0.5 0.5 -1.5 -0.5

Chamber 588:
-0.5 0.5 -0.5 -0.5
-1 0 0 -1
-1 1 0 -2
-0.5 0.5 -0.5 -1.5

Chamber 589:
-0.5 0.5 -0.5 -0.5
-1 1 0 0
-1 2 -1 0
-0.5 1.5 -0.5 -0.5

Chamber 590:
-0.5 -0.5 0.5 0.5
0 -1 0 1
-1 -2 0 1
-1 -1 0 1

Chamber 591:
-0.5 -0.5 0.5 0.5
0 -1 1 0
-1 -1 2 0
-1 -1 1 0

Chamber 592:
-0.5 -0.5 0.5 0.5
0 0 1 1
-1 0 1 2
-1 0 1 1

Chamber 593:
-0.5 -0.5 0.5 -0.5
0 -1 0 -1
-1 -2 0 -1
-0.5 -1.5 0.5 -0.5

Chamber 594:
-0.5 -0.5 0.5 -0.5
0 -1 1 0
-1 -1 2 0
-0.5 -0.5 1.5 -0.5

Chamber 595:
-0.5 -0.5 0.5 -0.5
0 0 1 -1
-1 0 1 -2
-0.5 -0.5 0.5 -1.5

Chamber 596:
-0.5 -0.5 -0.5 0.5
0 -1 -1 0
0 -2 -1 1
-0.5 -1.5 -0.5 0.5

Chamber 597:
-0.5 -0.5 -0.5 0.5
0 -1 0 1
0 -1 -1 2
-0.5 -0.5 -0.5 1.5

Chamber 598:
-0.5 -0.5 -0.5 0.5
0 0 -1 1
0 -1 -2 1
-0.5 -0.5 -1.5 0.5

Chamber 599:
-0.5 -0.5 -0.5 -0.5
0 -1 -1 0
0 -2 -1 -1
0 -1 -1 -1

Chamber 600:
-0.5 -0.5 -0.5 -0.5
0 -1 0 -1
0 -1 -1 -2
0 -1 -1 -1

Chamber 601:
-0.5 -0.5 -0.5 -0.5
0 0 -1 -1
0 -1 -2 -1
0 -1 -1 -1

Chamber 602:
-1 0 0 0
-1 0 -1 0
-2 0 -1 1
-1.5 -0.5 -0.5 0.5

Chamber 603:
-1 0 0 0
-1 0 -1 0
-2 0 -1 -1
-1.5 0.5 -0.5 -0.5

Chamber 604:
-1 0 0 0
-1 0 0 1
-2 -1 0 1
-1.5 -0.5 -0.5 0.5

Chamber 605:
-1 0 0 0
-1 0 0 -1
-2 -1 0 -1
-1.5 -0.5 0.5 -0.5

Chamber 606:
-1 0 0 0
-1 0 0 -1
-2 1 0 -1
-1.5 0.5 -0.5 -0.5

Chamber 607:
-1 0 0 0
-1 0 1 0
-2 0 1 -1
-1.5 -0.5 0.5 -0.5

Chamber 608:
-1 0 0 0
-1 0 0 1
-2 1 0 1
-1.5 0.5 0.5 0.5

Chamber 609:
-1 0 0 0
-1 0 1 0
-2 0 1 1
-1.5 0.5 0.5 0.5

Chamber 610:
0 0 0 1
1 0 0 1
1 1 0 2
0.5 0.5 0.5 1.5

Chamber 611:
-0.5 -0.5 -0.5 0.5
-1 0 -1 0
-1 -1 -2 0
-1 -1 -1 0

Chamber 612:
0.5 0.5 -0.5 0.5
0 1 0 1
1 1 0 2
1 1 0 1

Chamber 613:
-0.5 0.5 -0.5 0.5
0 1 0 1
0 2 -1 1
-0.5 1.5 -0.5 0.5

Chamber 614:
0.5 -0.5 0.5 0.5
1 0 1 0
2 0 1 1
1 0 1 1

Chamber 615:
-0.5 0.5 0.5 0.5
0 1 0 1
0 2 1 1
0 1 1 1

Chamber 616:
0 0 0 1
0 -1 0 1
1 -1 0 2
0.5 -0.5 0.5 1.5

Chamber 617:
0 1 0 0
0 1 0 1
1 2 0 1
0.5 1.5 0.5 0.5

Chamber 618:
0 0 0 1
0 0 1 1
1 0 1 2
0.5 0.5 0.5 1.5

Chamber 619:
-0.5 -0.5 -0.5 0.5
0 -1 -1 0
-1 -2 -1 0
-1 -1 -1 0

Chamber 620:
-0.5 -0.5 0.5 0.5
0 -1 1 0
0 -1 2 1
-0.5 -0.5 1.5 0.5

Chamber 621:
0.5 0.5 -0.5 0.5
1 0 0 1
2 1 0 1
1 1 0 1

Chamber 622:
0.5 -0.5 0.5 0.5
1 0 0 1
1 0 1 2
1 0 1 1

Chamber 623:
-0.5 0.5 0.5 0.5
0 1 1 0
0 1 2 1
0 1 1 1

Chamber 624:
0 0 0 1
1 0 0 1
1 0 -1 2
0.5 0.5 -0.5 1.5

Chamber 625:
0 0 1 0
1 0 1 0
1 0 2 1
0.5 0.5 1.5 0.5

Chamber 626:
-0.5 -0.5 -0.5 0.5
-1 0 -1 0
-1 0 -2 1
-0.5 -0.5 -1.5 0.5

Chamber 627:
-0.5 -0.5 -0.5 0.5
0 -1 0 1
-1 -2 0 1
-0.5 -1.5 -0.5 0.5

Chamber 628:
-0.5 0.5 -0.5 0.5
-1 0 -1 0
-2 1 -1 0
-1 1 -1 0

Chamber 629:
-0.5 0.5 -0.5 -0.5
-1 0 -1 0
-2 0 -1 -1
-1 0 -1 -1

Chamber 630:
-0.5 -0.5 0.5 0.5
-1 0 1 0
-2 -1 1 0
-1 -1 1 0

Chamber 631:
-0.5 -0.5 0.5 -0.5
-1 0 0 -1
-2 -1 0 -1
-1 -1 0 -1

Chamber 632:
0.5 0.5 0.5 0.5
0 1 0 1
1 2 0 1
1 1 0 1

Chamber 633:
0.5 0.5 0.5 0.5
1 0 1 0
1 0 2 1
1 0 1 1

Chamber 634:
0.5 -0.5 0.5 0.5
0 -1 0 1
0 -1 1 2
0.5 -0.5 0.5 1.5

Chamber 635:
0.5 0.5 0.5 0.5
0 0 1 1
0 1 1 2
0.5 0.5 0.5 1.5

Chamber 636:
0.5 0.5 -0.5 0.5
0 1 0 1
0 1 -1 2
0.5 0.5 -0.5 1.5

Chamber 637:
-0.5 -0.5 0.5 0.5
0 -1 0 1
0 -1 1 2
0 -1 1 1

Chamber 638:
-0.5 0.5 0.5 0.5
-1 0 1 0
-1 0 2 1
-0.5 0.5 1.5 0.5

Chamber 639:
-0.5 0.5 0.5 -0.5
-1 0 1 0
-1 1 2 0
-0.5 0.5 1.5 -0.5

Chamber 640:
0.5 0.5 -0.5 0.5
1 0 -1 0
2 1 -1 0
1.5 0.5 -0.5 0.5

Chamber 641:
0.5 0.5 -0.5 0.5
0 0 -1 1
1 0 -2 1
1 0 -1 1

Chamber 642:
0.5 -0.5 -0.5 0.5
0 -1 0 1
1 -2 0 1
1 -1 0 1

Chamber 643:
0.5 0.5 0.5 -0.5
0 1 1 0
1 2 1 0
1 1 1 0

Chamber 644:
-0.5 0.5 -0.5 0.5
0 1 0 1
0 1 -1 2
0 1 -1 1

Chamber 645:
-0.5 0.5 0.5 0.5
0 1 0 1
-1 2 0 1
-0.5 1.5 0.5 0.5

Chamber 646:
-0.5 0.5 0.5 -0.5
0 1 1 0
-1 2 1 0
-0.5 1.5 0.5 -0.5

Chamber 647:
0.5 -0.5 0.5 0.5
1 0 1 0
2 -1 1 0
1.5 -0.5 0.5 0.5

Chamber 648:
0.5 -0.5 0.5 0.5
1 -1 0 0
1 -2 0 1
1 -1 0 1

Chamber 649:
0.5 0.5 0.5 -0.5
1 0 1 0
1 1 2 0
1 1 1 0

Chamber 650:
0.5 -0.5 -0.5 0.5
1 0 -1 0
1 0 -2 1
1 0 -1 1

Chamber 651:
-0.5 0.5 0.5 0.5
0 0 1 1
0 1 1 2
0 1 1 1

Chamber 652:
0.5 -0.5 -0.5 0.5
1 -1 0 0
2 -1 -1 0
1.5 -0.5 -0.5 0.5

Chamber 653:
0 0 0 1
0 0 -1 1
0 1 -1 2
0.5 0.5 -0.5 1.5

Chamber 654:
0 0 0 1
0 -1 0 1
0 -1 -1 2
0.5 -0.5 -0.5 1.5

Chamber 655:
0 0 0 1
0 0 1 1
0 -1 1 2
0.5 -0.5 0.5 1.5

Chamber 656:
0 0 1 0
0 -1 1 0
0 -1 2 1
0.5 -0.5 1.5 0.5

Chamber 657:
0 0 1 0
0 0 1 1
0 1 2 1
0.5 0.5 1.5 0.5

Chamber 658:
0 1 0 0
0 1 0 1
0 2 -1 1
0.5 1.5 -0.5 0.5

Chamber 659:
0 1 0 0
0 1 1 0
0 2 1 1
0.5 1.5 0.5 0.5

Chamber 660:
-0.5 -0.5 0.5 -0.5
0 -1 0 -1
-1 -1 0 -2
-1 -1 0 -1

Chamber 661:
-0.5 -0.5 0.5 0.5
0 -1 0 1
-1 -1 0 2
-0.5 -0.5 0.5 1.5

Chamber 662:
0 0 1 0
1 0 1 0
1 1 2 0
0.5 0.5 1.5 -0.5

Chamber 663:
-0.5 -0.5 0.5 -0.5
-1 0 0 -1
-1 -1 0 -2
-0.5 -0.5 0.5 -1.5

Chamber 664:
-0.5 -0.5 0.5 -0.5
0 -1 1 0
0 -2 1 -1
-0.5 -1.5 0.5 -0.5

Chamber 665:
-0.5 0.5 0.5 -0.5
-1 0 0 -1
-1 1 0 -2
-1 1 0 -1

Chamber 666:
-0.5 0.5 -0.5 -0.5
-1 0 0 -1
-1 0 -1 -2
-1 0 -1 -1

Chamber 667:
-0.5 -0.5 0.5 0.5
-1 0 0 1
-1 -1 0 2
-1 -1 0 1

Chamber 668:
-0.5 -0.5 0.5 0.5
0 -1 1 0
0 -2 1 1
0 -1 1 1

Chamber 669:
-0.5 0.5 0.5 0.5
-1 0 0 1
-1 1 0 2
-0.5 0.5 0.5 1.5

Chamber 670:
-0.5 0.5 -0.5 0.5
-1 0 0 1
-1 0 -1 2
-0.5 0.5 -0.5 1.5

Chamber 671:
0.5 0.5 0.5 0.5
0 1 1 0
1 1 2 0
1 1 1 0

Chamber 672:
0.5 0.5 0.5 0.5
1 0 0 1
2 0 1 1
1 0 1 1

Chamber 673:
0.5 -0.5 0.5 0.5
0 -1 1 0
1 -1 2 0
0.5 -0.5 1.5 0.5

Chamber 674:
0.5 0.5 0.5 0.5
0 0 1 1
1 0 2 1
0.5 0.5 1.5 0.5

Chamber 675:
0.5 0.5 0.5 -0.5
0 1 1 0
1 1 2 0
0.5 0.5 1.5 -0.5

Chamber 676:
0.5 0.5 0.5 -0.5
1 0 0 -1
2 0 1 -1
1.5 0.5 0.5 -0.5

Chamber 677:
0.5 0.5 0.5 -0.5
0 0 1 -1
1 0 2 -1
1 0 1 -1

Chamber 678:
0.5 -0.5 0.5 -0.5
0 -1 1 0
1 -1 2 0
1 -1 1 0

Chamber 679:
-0.5 0.5 0.5 -0.5
0 1 1 0
0 2 1 -1
0 1 1 -1

Chamber 680:
-0.5 0.5 0.5 0.5
0 1 1 0
0 2 1 1
-0.5 1.5 0.5 0.5

Chamber 681:
0.5 -0.5 0.5 0.5
1 0 0 1
2 0 1 1
1.5 -0.5 0.5 0.5

Chamber 682:
0.5 -0.5 0.5 0.5
1 -1 0 0
2 -1 1 0
1 -1 1 0

Chamber 683:
0.5 -0.5 0.5 -0.5
1 0 0 -1
2 0 1 -1
1 0 1 -1

Chamber 684:
0.5 -0.5 0.5 -0.5
1 -1 0 0
2 -1 1 0
1.5 -0.5 0.5 -0.5

Chamber 685:
0 0 1 0
0 0 1 -1
1 0 2 -1
0.5 0.5 1.5 -0.5

Chamber 686:
0 0 1 0
0 -1 1 0
1 -1 2 0
0.5 -0.5 1.5 -0.5

Chamber 687:
0 0 1 0
0 0 1 1
1 0 2 1
0.5 -0.5 1.5 0.5

Chamber 688:
0 1 0 0
0 1 1 0
1 2 1 0
0.5 1.5 0.5 -0.5

Chamber 689:
-0.5 0.5 -0.5 -0.5
0 0 -1 -1
-1 0 -1 -2
-0.5 0.5 -0.5 -1.5

Chamber 690:
-0.5 0.5 -0.5 -0.5
0 0 -1 -1
0 1 -2 -1
-0.5 0.5 -1.5 -0.5

Chamber 691:
-0.5 0.5 0.5 -0.5
0 0 1 -1
-1 0 1 -2
-1 0 1 -1

Chamber 692:
-0.5 0.5 -0.5 0.5
0 0 -1 1
-1 0 -1 2
-1 0 -1 1

Chamber 693:
-0.5 0.5 -0.5 0.5
0 0 -1 1
0 1 -2 1
0 1 -1 1

Chamber 694:
-0.5 0.5 0.5 0.5
0 0 1 1
-1 0 1 2
-0.5 0.5 0.5 1.5

Chamber 695:
-0.5 0.5 0.5 -0.5
0 0 1 -1
0 1 2 -1
0 1 1 -1

Chamber 696:
-0.5 0.5 0.5 0.5
0 0 1 1
0 1 2 1
-0.5 0.5 1.5 0.5

Chamber 697:
0.5 0.5 0.5 0.5
1 1 0 0
1 2 1 0
1 1 1 0

Chamber 698:
0.5 0.5 0.5 0.5
1 1 0 0
2 1 0 1
1 1 0 1

Chamber 699:
0.5 0.5 -0.5 0.5
1 1 0 0
1 2 -1 0
0.5 1.5 -0.5 0.5

Chamber 700:
0.5 0.5 0.5 0.5
1 1 0 0
1 2 0 1
0.5 1.5 0.5 0.5

Chamber 701:
0.5 0.5 0.5 -0.5
1 1 0 0
1 2 1 0
0.5 1.5 0.5 -0.5

Chamber 702:
0.5 0.5 0.5 -0.5
1 1 0 0
2 1 0 -1
1.5 0.5 0.5 -0.5

Chamber 703:
0.5 0.5 0.5 -0.5
1 1 0 0
1 2 0 -1
1 1 0 -1

Chamber 704:
0.5 0.5 -0.5 -0.5
1 1 0 0
1 2 -1 0
1 1 -1 0

Chamber 705:
0.5 0.5 -0.5 0.5
1 1 0 0
2 1 0 1
1.5 0.5 -0.5 0.5

Chamber 706:
0.5 0.5 -0.5 0.5
1 1 0 0
2 1 -1 0
1 1 -1 0

Chamber 707:
0.5 0.5 -0.5 -0.5
1 1 0 0
2 1 0 -1
1 1 0 -1

Chamber 708:
0.5 0.5 -0.5 -0.5
1 1 0 0
2 1 -1 0
1.5 0.5 -0.5 -0.5

Chamber 709:
0 1 0 0
1 1 0 0
1 2 0 -1
0.5 1.5 0.5 -0.5

Chamber 710:
0 1 0 0
1 1 0 0
1 2 -1 0
0.5 1.5 -0.5 -0.5

Chamber 711:
0 1 0 0
1 1 0 0
1 2 0 1
0.5 1.5 -0.5 0.5

Chamber 712:
0.5 -0.5 -0.5 -0.5
0 -1 0 -1
0 -1 -1 -2
0.5 -0.5 -0.5 -1.5

Chamber 713:
0.5 -0.5 -0.5 -0.5
0 -1 -1 0
1 -1 -2 0
0.5 -0.5 -1.5 -0.5

Chamber 714:
0.5 -0.5 -0.5 -0.5
1 -1 0 0
1 -2 -1 0
0.5 -1.5 -0.5 -0.5

Chamber 715:
0.5 0.5 -0.5 -0.5
0 0 -1 -1
0 1 -2 -1
0 1 -1 -1

Chamber 716:
0.5 -0.5 -0.5 -0.5
0 -1 -1 0
0 -1 -2 -1
0 -1 -1 -1

Chamber 717:
0.5 -0.5 0.5 -0.5
0 -1 1 0
0 -2 1 -1
0 -1 1 -1

Chamber 718:
0.5 -0.5 -0.5 -0.5
0 -1 0 -1
0 -2 -1 -1
0 -1 -1 -1

Chamber 719:
0.5 -0.5 -0.5 0.5
0 -1 0 1
0 -1 -1 2
0 -1 -1 1

Chamber 720:
0.5 -0.5 -0.5 0.5
0 -1 -1 0
1 -1 -2 0
1 -1 -1 0

Chamber 721:
0.5 -0.5 -0.5 0.5
1 -1 0 0
1 -2 -1 0
1 -1 -1 0

Chamber 722:
0.5 -0.5 -0.5 0.5
0 -1 -1 0
0 -1 -2 1
0.5 -0.5 -1.5 0.5

Chamber 723:
0.5 -0.5 -0.5 0.5
0 -1 0 1
0 -2 -1 1
0.5 -1.5 -0.5 0.5

Chamber 724:
0.5 -0.5 0.5 0.5
0 -1 1 0
0 -2 1 1
0.5 -1.5 0.5 0.5

Chamber 725:
0.5 0.5 -0.5 0.5
0 0 -1 1
0 1 -2 1
0.5 0.5 -1.5 0.5

Chamber 726:
0.5 -0.5 0.5 -0.5
0 -1 0 -1
1 -2 0 -1
1 -1 0 -1

Chamber 727:
0.5 -0.5 0.5 -0.5
1 -1 0 0
2 -1 0 -1
1 -1 0 -1

Chamber 728:
0.5 -0.5 0.5 -0.5
0 -1 0 -1
1 -1 0 -2
0.5 -0.5 0.5 -1.5

Chamber 729:
0.5 -0.5 0.5 -0.5
0 -1 1 0
1 -2 1 0
0.5 -1.5 0.5 -0.5

Chamber 730:
0.5 -0.5 0.5 0.5
0 -1 0 1
1 -2 0 1
0.5 -1.5 0.5 0.5

Chamber 731:
0.5 0.5 0.5 -0.5
0 0 1 -1
1 0 1 -2
0.5 0.5 0.5 -1.5

Chamber 732:
0.5 -0.5 0.5 0.5
1 -1 0 0
2 -1 0 1
1.5 -0.5 0.5 0.5

Chamber 733:
0.5 -0.5 0.5 0.5
0 -1 0 1
1 -1 0 2
1 -1 0 1

Chamber 734:
0.5 -0.5 0.5 0.5
0 -1 1 0
1 -2 1 0
1 -1 1 0

Chamber 735:
0.5 0.5 0.5 0.5
0 0 1 1
1 0 1 2
1 0 1 1

Chamber 736:
0.5 0.5 -0.5 -0.5
1 0 -1 0
1 0 -2 -1
1 0 -1 -1

Chamber 737:
0.5 0.5 -0.5 -0.5
1 0 0 -1
2 0 -1 -1
1 0 -1 -1

Chamber 738:
0.5 0.5 -0.5 -0.5
1 0 -1 0
1 1 -2 0
0.5 0.5 -1.5 -0.5

Chamber 739:
0.5 0.5 -0.5 -0.5
1 0 0 -1
1 0 -1 -2
0.5 0.5 -0.5 -1.5

Chamber 740:
0.5 0.5 -0.5 0.5
1 0 -1 0
1 0 -2 1
0.5 0.5 -1.5 0.5

Chamber 741:
0.5 0.5 0.5 -0.5
1 0 0 -1
1 1 0 -2
0.5 0.5 0.5 -1.5

Chamber 742:
0.5 0.5 -0.5 0.5
1 0 0 1
2 0 -1 1
1.5 0.5 -0.5 0.5

Chamber 743:
0.5 0.5 -0.5 0.5
1 0 -1 0
1 1 -2 0
1 1 -1 0

Chamber 744:
0.5 0.5 -0.5 0.5
1 0 0 1
1 0 -1 2
1 0 -1 1

Chamber 745:
0.5 0.5 0.5 0.5
1 0 0 1
1 1 0 2
1 1 0 1

Chamber 746:
0.5 0.5 0.5 -0.5
1 0 1 0
2 1 1 0
1.5 0.5 0.5 -0.5

Chamber 747:
0.5 0.5 0.5 -0.5
1 0 0 -1
2 1 0 -1
1 1 0 -1

Chamber 748:
0.5 0.5 0.5 -0.5
1 0 1 0
2 0 1 -1
1 0 1 -1

Chamber 749:
0.5 0.5 0.5 0.5
1 0 1 0
2 1 1 0
1 1 1 0

Chamber 750:
0.5 0.5 0.5 0.5
1 0 0 1
2 1 0 1
1.5 0.5 0.5 0.5

Chamber 751:
0.5 0.5 0.5 0.5
1 0 1 0
2 0 1 1
1.5 0.5 0.5 0.5

Chamber 752:
1 0 0 0
1 0 -1 0
2 0 -1 1
1.5 0.5 -0.5 0.5

Chamber 753:
1 0 0 0
1 0 -1 0
2 1 -1 0
1.5 0.5 -0.5 -0.5

Chamber 754:
1 0 0 0
1 -1 0 0
2 -1 0 1
1.5 -0.5 -0.5 0.5

Chamber 755:
1 0 0 0
1 0 0 1
2 0 -1 1
1.5 -0.5 -0.5 0.5

Chamber 756:
1 0 0 0
1 0 1 0
2 0 1 1
1.5 -0.5 0.5 0.5

Chamber 757:
1 0 0 0
1 0 -1 0
2 0 -1 -1
1.5 -0.5 -0.5 -0.5

Chamber 758:
1 0 0 0
1 0 0 1
2 1 0 1
1.5 0.5 -0.5 0.5

Chamber 759:
1 0 0 0
1 0 0 -1
2 1 0 -1
1.5 0.5 0.5 -0.5

Chamber 760:
1 0 0 0
1 -1 0 0
2 -1 0 -1
1.5 -0.5 0.5 -0.5

Chamber 761:
1 0 0 0
1 0 1 0
2 0 1 -1
1.5 0.5 0.5 -0.5

Chamber 762:
1 0 0 0
1 0 0 -1
2 0 -1 -1
1.5 0.5 -0.5 -0.5

Chamber 763:
1 0 0 0
1 -1 0 0
2 -1 -1 0
1.5 -0.5 -0.5 -0.5

Chamber 764:
1 0 0 0
1 0 0 1
2 -1 0 1
1.5 -0.5 0.5 0.5

Chamber 765:
1 0 0 0
1 0 1 0
2 -1 1 0
1.5 -0.5 0.5 -0.5

Chamber 766:
1 0 0 0
1 0 0 -1
2 -1 0 -1
1.5 -0.5 -0.5 -0.5

Chamber 767:
0 -1 0 0
0 -1 1 0
0 -2 1 1
0.5 -1.5 0.5 0.5

Chamber 768:
0 -1 0 0
0 -1 1 0
1 -2 1 0
0.5 -1.5 0.5 -0.5

Chamber 769:
0 -1 0 0
1 -1 0 0
1 -2 0 1
0.5 -1.5 -0.5 0.5

Chamber 770:
-1 0 0 0
-1 0 1 0
-2 0 1 1
-1.5 -0.5 0.5 0.5

Chamber 771:
0.5 -0.5 0.5 0.5
0 -1 1 0
0 -2 1 1
0 -1 1 1

Chamber 772:
0.5 -0.5 -0.5 -0.5
1 0 0 -1
2 0 -1 -1
1 0 -1 -1

Chamber 773:
-0.5 -0.5 -0.5 0.5
-1 0 0 1
-1 -1 0 2
-1 -1 0 1

Chamber 774:
-0.5 -0.5 0.5 -0.5
0 -1 1 0
-1 -1 2 0
-1 -1 1 0

Chamber 775:
-0.5 -0.5 0.5 0.5
0 -1 1 0
0 -2 1 1
-0.5 -1.5 0.5 0.5

Chamber 776:
0 0 1 0
0 -1 1 0
0 -1 2 1
-0.5 -0.5 1.5 0.5

Chamber 777:
0 0 0 1
0 0 1 1
0 -1 1 2
-0.5 -0.5 0.5 1.5

Chamber 778:
0 1 0 0
0 1 1 0
0 2 1 1
-0.5 1.5 0.5 0.5

Chamber 779:
0 -1 0 0
0 -1 0 -1
0 -2 -1 -1
-0.5 -1.5 -0.5 -0.5

Chamber 780:
0 -1 0 0
0 -1 -1 0
0 -2 -1 1
-0.5 -1.5 -0.5 0.5

Chamber 781:
0 -1 0 0
0 -1 1 0
0 -2 1 -1
-0.5 -1.5 0.5 -0.5

Chamber 782:
0.5 -0.5 0.5 0.5
0 -1 1 0
1 -2 1 0
0.5 -1.5 0.5 0.5

Chamber 783:
0.5 -0.5 0.5 -0.5
0 -1 1 0
1 -2 1 0
1 -1 1 0

Chamber 784:
0.5 -0.5 -0.5 0.5
1 0 0 1
2 -1 0 1
1 -1 0 1

Chamber 785:
0.5 -0.5 -0.5 -0.5
1 0 0 -1
2 -1 0 -1
1.5 -0.5 -0.5 -0.5

Chamber 786:
-0.5 -0.5 -0.5 -0.5
-1 0 0 -1
-1 0 -1 -2
-1 0 -1 -1

Chamber 787:
-0.5 -0.5 -0.5 0.5
-1 0 0 1
-1 0 -1 2
-0.5 -0.5 -0.5 1.5

Chamber 788:
-0.5 -0.5 0.5 -0.5
0 -1 1 0
0 -1 2 -1
-0.5 -0.5 1.5 -0.5

Chamber 789:
-0.5 -0.5 0.5 0.5
0 -1 1 0
0 -1 2 1
0 -1 1 1

Chamber 790:
0 0 0 1
0 0 1 1
1 0 1 2
0.5 -0.5 0.5 1.5

Chamber 791:
0 0 0 -1
0 0 1 -1
1 0 1 -2
0.5 0.5 0.5 -1.5

Chamber 792:
0 -1 0 0
0 -1 0 -1
1 -2 0 -1
0.5 -1.5 -0.5 -0.5

Chamber 793:
0 -1 0 0
0 -1 0 1
1 -2 0 1
0.5 -1.5 0.5 0.5

Chamber 794:
0 -1 0 0
1 -1 0 0
1 -2 0 -1
0.5 -1.5 0.5 -0.5

Chamber 795:
-1 0 0 0
-1 0 1 0
-2 0 1 -1
-1.5 0.5 0.5 -0.5

Chamber 796:
0.5 -0.5 0.5 -0.5
0 -1 1 0
0 -2 1 -1
0.5 -1.5 0.5 -0.5

Chamber 797:
0.5 -0.5 -0.5 0.5
1 0 0 1
2 0 -1 1
1.5 -0.5 -0.5 0.5

Chamber 798:
-0.5 -0.5 -0.5 -0.5
-1 0 0 -1
-1 -1 0 -2
-0.5 -0.5 -0.5 -1.5

Chamber 799:
-0.5 -0.5 0.5 -0.5
0 -1 1 0
0 -2 1 -1
0 -1 1 -1

Chamber 800:
-0.5 -0.5 0.5 0.5
0 -1 1 0
-1 -1 2 0
-0.5 -0.5 1.5 0.5

Chamber 801:
0 0 1 0
0 -1 1 0
0 -1 2 -1
0.5 -0.5 1.5 -0.5

Chamber 802:
0 1 0 0
0 1 1 0
0 2 1 -1
0.5 1.5 0.5 -0.5

Chamber 803:
0 0 0 -1
0 0 1 -1
0 -1 1 -2
0.5 -0.5 0.5 -1.5

Chamber 804:
0 -1 0 0
0 -1 -1 0
0 -2 -1 -1
0.5 -1.5 -0.5 -0.5

Chamber 805:
0 -1 0 0
0 -1 0 1
0 -2 -1 1
0.5 -1.5 -0.5 0.5

Chamber 806:
0.5 -0.5 0.5 0.5
1 -1 0 0
2 -1 0 1
1 -1 0 1

Chamber 807:
0.5 -0.5 0.5 -0.5
1 -1 0 0
2 -1 0 -1
1.5 -0.5 0.5 -0.5

Chamber 808:
0.5 -0.5 -0.5 0.5
1 -1 0 0
1 -2 -1 0
0.5 -1.5 -0.5 0.5

Chamber 809:
0.5 -0.5 -0.5 -0.5
1 -1 0 0
1 -2 -1 0
1 -1 -1 0

Chamber 810:
-0.5 -0.5 -0.5 -0.5
0 0 -1 -1
0 -1 -2 -1
-0.5 -0.5 -1.5 -0.5

Chamber 811:
-0.5 -0.5 -0.5 0.5
0 0 -1 1
0 -1 -2 1
0 -1 -1 1

Chamber 812:
-0.5 -0.5 0.5 -0.5
0 0 1 -1
-1 0 1 -2
-1 0 1 -1

Chamber 813:
-0.5 -0.5 0.5 0.5
0 0 1 1
-1 0 1 2
-0.5 -0.5 0.5 1.5

Chamber 814:
0 0 0 1
1 0 0 1
1 0 -1 2
0.5 -0.5 -0.5 1.5

Chamber 815:
0 0 0 -1
1 0 0 -1
1 0 -1 -2
0.5 0.5 -0.5 -1.5

Chamber 816:
0 -1 0 0
1 -1 0 0
1 -2 -1 0
0.5 -1.5 -0.5 -0.5

Chamber 817:
-0.5 0.5 0.5 0.5
-1 0 1 0
-1 0 2 1
-1 0 1 1

Chamber 818:
-0.5 0.5 0.5 -0.5
-1 0 1 0
-1 0 2 -1
-0.5 0.5 1.5 -0.5

Chamber 819:
-0.5 0.5 -0.5 0.5
0 1 0 1
0 1 -1 2
-0.5 0.5 -0.5 1.5

Chamber 820:
-0.5 0.5 -0.5 -0.5
0 1 0 -1
0 1 -1 -2
0 1 -1 -1

Chamber 821:
-0.5 -0.5 0.5 0.5
-1 0 1 0
-2 -1 1 0
-1.5 -0.5 0.5 0.5

Chamber 822:
-0.5 -0.5 0.5 -0.5
-1 0 1 0
-2 -1 1 0
-1 -1 1 0

Chamber 823:
-0.5 -0.5 -0.5 0.5
0 -1 0 1
-1 -2 0 1
-1 -1 0 1

Chamber 824:
-0.5 -0.5 -0.5 -0.5
0 -1 0 -1
-1 -2 0 -1
-0.5 -1.5 -0.5 -0.5

Chamber 825:
-1 0 0 0
-1 0 0 -1
-2 -1 0 -1
-1.5 -0.5 -0.5 -0.5

Chamber 826:
-1 0 0 0
-1 0 0 1
-2 -1 0 1
-1.5 -0.5 0.5 0.5

Chamber 827:
-1 0 0 0
-1 0 1 0
-2 -1 1 0
-1.5 -0.5 0.5 -0.5

Chamber 828:
0.5 -0.5 0.5 0.5
0 -1 1 0
0 -1 2 1
0.5 -0.5 1.5 0.5

Chamber 829:
0.5 -0.5 0.5 0.5
1 0 0 1
1 0 1 2
0.5 -0.5 0.5 1.5

Chamber 830:
-0.5 0.5 -0.5 -0.5
-1 0 0 -1
-2 1 0 -1
-1.5 0.5 -0.5 -0.5

Chamber 831:
0.5 0.5 0.5 0.5
0 1 1 0
0 1 2 1
0 1 1 1

Chamber 832:
0.5 0.5 0.5 -0.5
0 0 1 -1
0 1 2 -1
0 1 1 -1

Chamber 833:
0.5 -0.5 -0.5 0.5
0 -1 -1 0
0 -1 -2 1
0 -1 -1 1

Chamber 834:
0.5 -0.5 0.5 0.5
0 -1 0 1
0 -1 1 2
0 -1 1 1

Chamber 835:
0.5 -0.5 0.5 -0.5
0 -1 1 0
0 -1 2 -1
0 -1 1 -1

Chamber 836:
0.5 -0.5 0.5 -0.5
1 0 0 -1
1 0 1 -2
1 0 1 -1

Chamber 837:
-0.5 0.5 -0.5 0.5
-1 0 0 1
-2 1 0 1
-1 1 0 1

Chamber 838:
0.5 0.5 0.5 0.5
0 0 1 1
0 1 2 1
0.5 0.5 1.5 0.5

Chamber 839:
0.5 0.5 0.5 -0.5
0 1 1 0
0 1 2 -1
0.5 0.5 1.5 -0.5

Chamber 840:
0.5 -0.5 0.5 -0.5
0 -1 0 -1
0 -1 1 -2
0.5 -0.5 0.5 -1.5

Chamber 841:
0.5 -0.5 -0.5 -0.5
0 -1 -1 0
0 -1 -2 -1
0.5 -0.5 -1.5 -0.5

Chamber 842:
0.5 -0.5 -0.5 0.5
1 0 0 1
1 0 -1 2
1 0 -1 1

Chamber 843:
-0.5 0.5 0.5 -0.5
0 1 1 0
-1 2 1 0
-1 1 1 0

Chamber 844:
0.5 0.5 0.5 0.5
1 0 0 1
1 1 0 2
0.5 0.5 0.5 1.5

Chamber 845:
0.5 0.5 -0.5 0.5
1 0 0 1
1 0 -1 2
0.5 0.5 -0.5 1.5

Chamber 846:
0.5 -0.5 -0.5 0.5
1 0 -1 0
1 0 -2 1
0.5 -0.5 -1.5 0.5

Chamber 847:
0.5 -0.5 -0.5 -0.5
1 0 0 -1
1 0 -1 -2
0.5 -0.5 -0.5 -1.5

Chamber 848:
-0.5 0.5 0.5 0.5
0 1 1 0
-1 2 1 0
-0.5 1.5 0.5 0.5

Chamber 849:
0.5 0.5 0.5 -0.5
1 0 0 -1
1 1 0 -2
1 1 0 -1

Chamber 850:
0.5 0.5 -0.5 -0.5
1 0 0 -1
1 0 -1 -2
1 0 -1 -1

Chamber 851:
0.5 -0.5 -0.5 -0.5
1 0 -1 0
1 0 -2 -1
1 0 -1 -1

Chamber 852:
-0.5 -0.5 -0.5 -0.5
-1 0 0 -1
-2 -1 0 -1
-1 -1 0 -1

Chamber 853:
-0.5 -0.5 -0.5 -0.5
0 -1 -1 0
-1 -2 -1 0
-1 -1 -1 0

Chamber 854:
-0.5 0.5 0.5 -0.5
-1 0 0 -1
-2 0 1 -1
-1.5 0.5 0.5 -0.5

Chamber 855:
-0.5 0.5 -0.5 0.5
-1 1 0 0
-2 1 0 1
-1.5 0.5 -0.5 0.5

Chamber 856:
-0.5 -0.5 0.5 -0.5
-1 0 0 -1
-2 -1 0 -1
-1.5 -0.5 0.5 -0.5

Chamber 857:
-0.5 -0.5 -0.5 0.5
-1 0 0 1
-2 -1 0 1
-1.5 -0.5 -0.5 0.5

Chamber 858:
-0.5 -0.5 -0.5 0.5
0 -1 -1 0
-1 -2 -1 0
-0.5 -1.5 -0.5 0.5

Chamber 859:
-0.5 0.5 0.5 0.5
-1 0 0 1
-2 0 1 1
-1 0 1 1

Chamber 860:
-0.5 0.5 -0.5 -0.5
-1 1 0 0
-2 1 0 -1
-1 1 0 -1

Chamber 861:
-0.5 -0.5 0.5 0.5
-1 0 0 1
-2 -1 0 1
-1 -1 0 1

Chamber 862:
-0.5 -0.5 0.5 -0.5
0 -1 1 0
-1 -2 1 0
-0.5 -1.5 0.5 -0.5

Chamber 863:
-0.5 0.5 0.5 0.5
0 0 1 1
-1 0 1 2
-1 0 1 1

Chamber 864:
-0.5 -0.5 0.5 -0.5
0 -1 0 -1
-1 -2 0 -1
-1 -1 0 -1

Chamber 865:
-0.5 -0.5 0.5 0.5
0 -1 1 0
-1 -2 1 0
-1 -1 1 0

Chamber 866:
-0.5 0.5 0.5 -0.5
0 0 1 -1
-1 0 1 -2
-0.5 0.5 0.5 -1.5

Chamber 867:
-0.5 -0.5 0.5 0.5
0 -1 0 1
-1 -2 0 1
-0.5 -1.5 0.5 0.5

Chamber 868:
0 0 1 0
0 0 1 1
-1 0 2 1
-0.5 -0.5 1.5 0.5

Chamber 869:
0 0 1 0
0 0 1 -1
-1 0 2 -1
-0.5 0.5 1.5 -0.5

Chamber 870:
0 0 0 -1
0 -1 0 -1
-1 -1 0 -2
-0.5 -0.5 -0.5 -1.5

Chamber 871:
0 0 0 1
0 -1 0 1
-1 -1 0 2
-0.5 -0.5 0.5 1.5

Chamber 872:
0 0 1 0
0 -1 1 0
-1 -1 2 0
-0.5 -0.5 1.5 -0.5

Chamber 873:
0 0 0 1
0 0 1 1
-1 0 1 2
-0.5 0.5 0.5 1.5

Chamber 874:
0 1 0 0
0 1 1 0
-1 2 1 0
-0.5 1.5 0.5 -0.5

Chamber 875:
0 0 0 1
0 0 -1 1
-1 0 -1 2
-0.5 -0.5 -0.5 1.5

Chamber 876:
0 0 0 -1
0 0 1 -1
-1 0 1 -2
-0.5 -0.5 0.5 -1.5

Chamber 877:
0 1 0 0
0 1 0 -1
-1 2 0 -1
-0.5 1.5 -0.5 -0.5

Chamber 878:
0 1 0 0
0 1 0 1
-1 2 0 1
-0.5 1.5 0.5 0.5

Chamber 879:
0 0 0 -1
0 0 -1 -1
-1 0 -1 -2
-0.5 0.5 -0.5 -1.5

Chamber 880:
0 -1 0 0
0 -1 0 -1
-1 -2 0 -1
-0.5 -1.5 0.5 -0.5

Chamber 881:
0 -1 0 0
0 -1 -1 0
-1 -2 -1 0
-0.5 -1.5 -0.5 -0.5

Chamber 882:
0 -1 0 0
0 -1 0 1
-1 -2 0 1
-0.5 -1.5 -0.5 0.5

Chamber 883:
0.5 -0.5 0.5 0.5
0 -1 0 1
0 -2 1 1
0.5 -1.5 0.5 0.5

Chamber 884:
0.5 -0.5 0.5 -0.5
1 0 1 0
1 -1 2 0
1 -1 1 0

Chamber 885:
0.5 -0.5 -0.5 0.5
0 -1 0 1
1 -1 0 2
1 -1 0 1

Chamber 886:
0.5 -0.5 -0.5 -0.5
1 0 -1 0
2 0 -1 -1
1.5 -0.5 -0.5 -0.5

Chamber 887:
-0.5 -0.5 -0.5 -0.5
-1 0 -1 0
-2 0 -1 -1
-1 0 -1 -1

Chamber 888:
-0.5 -0.5 -0.5 0.5
0 -1 0 1
-1 -1 0 2
-0.5 -0.5 -0.5 1.5

Chamber 889:
-0.5 -0.5 0.5 -0.5
-1 0 1 0
-1 -1 2 0
-0.5 -0.5 1.5 -0.5

Chamber 890:
-0.5 -0.5 0.5 0.5
0 -1 0 1
0 -2 1 1
0 -1 1 1

Chamber 891:
0 0 1 0
0 0 1 1
0 -1 2 1
0.5 -0.5 1.5 0.5

Chamber 892:
0 0 -1 0
0 0 -1 1
0 1 -2 1
0.5 0.5 -1.5 0.5

Chamber 893:
0.5 -0.5 0.5 0.5
1 -1 0 0
1 -2 1 0
1 -1 1 0

Chamber 894:
0.5 -0.5 0.5 -0.5
1 -1 0 0
1 -2 1 0
0.5 -1.5 0.5 -0.5

Chamber 895:
0.5 -0.5 -0.5 0.5
1 -1 0 0
2 -1 0 1
1.5 -0.5 -0.5 0.5

Chamber 896:
0.5 -0.5 -0.5 -0.5
1 -1 0 0
2 -1 0 -1
1 -1 0 -1

Chamber 897:
-0.5 -0.5 -0.5 -0.5
0 0 -1 -1
-1 0 -1 -2
-0.5 -0.5 -0.5 -1.5

Chamber 898:
-0.5 -0.5 -0.5 0.5
0 0 -1 1
-1 0 -1 2
-1 0 -1 1

Chamber 899:
-0.5 -0.5 0.5 -0.5
0 0 1 -1
0 -1 2 -1
0 -1 1 -1

Chamber 900:
-0.5 -0.5 0.5 0.5
0 0 1 1
0 -1 2 1
-0.5 -0.5 1.5 0.5

Chamber 901:
0 0 1 0
1 0 1 0
1 -1 2 0
0.5 -0.5 1.5 -0.5

Chamber 902:
0 0 -1 0
1 0 -1 0
1 1 -2 0
0.5 0.5 -1.5 -0.5

Chamber 903:
-1 0 0 0
-1 0 0 1
-2 1 0 1
-1.5 0.5 -0.5 0.5

Chamber 904:
0.5 -0.5 0.5 -0.5
1 0 1 0
2 -1 1 0
1.5 -0.5 0.5 -0.5

Chamber 905:
0.5 -0.5 -0.5 0.5
0 -1 0 1
1 -2 0 1
0.5 -1.5 -0.5 0.5

Chamber 906:
-0.5 -0.5 -0.5 -0.5
-1 0 -1 0
-1 0 -2 -1
-0.5 -0.5 -1.5 -0.5

Chamber 907:
-0.5 -0.5 -0.5 0.5
0 -1 0 1
0 -1 -1 2
0 -1 -1 1

Chamber 908:
-0.5 -0.5 0.5 0.5
0 -1 0 1
0 -1 1 2
-0.5 -0.5 0.5 1.5

Chamber 909:
0 0 0 1
0 -1 0 1
1 -1 0 2
0.5 -0.5 -0.5 1.5

Chamber 910:
0 1 0 0
0 1 0 1
1 2 0 1
0.5 1.5 -0.5 0.5

Chamber 911:
0 0 -1 0
0 0 -1 1
1 0 -2 1
0.5 -0.5 -1.5 0.5

Chamber 912:
-0.5 0.5 0.5 -0.5
0 1 1 0
-1 1 2 0
-0.5 0.5 1.5 -0.5

Chamber 913:
-0.5 0.5 -0.5 0.5
-1 0 0 1
-1 1 0 2
-0.5 0.5 -0.5 1.5

Chamber 914:
-0.5 0.5 -0.5 -0.5
0 1 -1 0
0 2 -1 -1
0 1 -1 -1

Chamber 915:
-0.5 -0.5 0.5 0.5
-1 0 0 1
-2 0 1 1
-1.5 -0.5 0.5 0.5

Chamber 916:
-0.5 -0.5 -0.5 -0.5
0 -1 -1 0
0 -2 -1 -1
-0.5 -1.5 -0.5 -0.5

Chamber 917:
-1 0 0 0
-1 0 -1 0
-2 0 -1 -1
-1.5 -0.5 -0.5 -0.5

Chamber 918:
-1 0 0 0
-1 0 0 1
-2 0 -1 1
-1.5 -0.5 -0.5 0.5

Chamber 919:
0.5 -0.5 0.5 0.5
1 0 1 0
1 -1 2 0
0.5 -0.5 1.5 0.5

Chamber 920:
0.5 -0.5 0.5 0.5
0 -1 0 1
1 -1 0 2
0.5 -0.5 0.5 1.5

Chamber 921:
-0.5 0.5 -0.5 -0.5
-1 0 -1 0
-2 0 -1 -1
-1.5 0.5 -0.5 -0.5

Chamber 922:
0.5 0.5 0.5 0.5
0 1 0 1
0 2 1 1
0 1 1 1

Chamber 923:
0.5 0.5 -0.5 0.5
0 0 -1 1
0 1 -2 1
0 1 -1 1

Chamber 924:
0.5 -0.5 -0.5 0.5
0 -1 0 1
0 -2 -1 1
0 -1 -1 1

Chamber 925:
0.5 -0.5 0.5 -0.5
0 -1 0 -1
0 -2 1 -1
0 -1 1 -1

Chamber 926:
0.5 -0.5 0.5 -0.5
1 0 1 0
2 0 1 -1
1 0 1 -1

Chamber 927:
-0.5 0.5 -0.5 0.5
0 1 0 1
-1 1 0 2
-1 1 0 1

Chamber 928:
0.5 0.5 0.5 0.5
1 0 1 0
1 0 2 1
0.5 0.5 1.5 0.5

Chamber 929:
0.5 0.5 0.5 -0.5
1 0 1 0
1 1 2 0
0.5 0.5 1.5 -0.5

Chamber 930:
0.5 -0.5 0.5 -0.5
1 0 0 -1
1 -1 0 -2
0.5 -0.5 0.5 -1.5

Chamber 931:
0.5 -0.5 -0.5 -0.5
1 0 -1 0
1 -1 -2 0
0.5 -0.5 -1.5 -0.5

Chamber 932:
0.5 -0.5 -0.5 0.5
1 0 -1 0
2 0 -1 1
1 0 -1 1

Chamber 933:
-0.5 0.5 0.5 -0.5
-1 0 1 0
-1 1 2 0
-1 1 1 0

Chamber 934:
0.5 0.5 0.5 0.5
0 0 1 1
1 0 1 2
0.5 0.5 0.5 1.5

Chamber 935:
0.5 0.5 -0.5 0.5
0 1 0 1
1 1 0 2
0.5 0.5 -0.5 1.5

Chamber 936:
0.5 -0.5 -0.5 0.5
0 -1 -1 0
1 -1 -2 0
0.5 -0.5 -1.5 0.5

Chamber 937:
0.5 -0.5 -0.5 -0.5
0 -1 0 -1
1 -1 0 -2
0.5 -0.5 -0.5 -1.5

Chamber 938:
-0.5 0.5 0.5 0.5
0 1 0 1
0 2 1 1
-0.5 1.5 0.5 0.5

Chamber 939:
0.5 0.5 -0.5 0.5
1 0 -1 0
2 1 -1 0
1 1 -1 0

Chamber 940:
0.5 0.5 -0.5 -0.5
1 0 -1 0
2 0 -1 -1
1 0 -1 -1

Chamber 941:
-0.5 -0.5 -0.5 -0.5
0 -1 0 -1
-1 -1 0 -2
-1 -1 0 -1

Chamber 942:
-0.5 -0.5 -0.5 -0.5
-1 0 -1 0
-1 -1 -2 0
-1 -1 -1 0

Chamber 943:
-0.5 0.5 0.5 -0.5
-1 1 0 0
-2 1 0 -1
-1.5 0.5 0.5 -0.5

Chamber 944:
-0.5 0.5 -0.5 0.5
-1 0 -1 0
-2 1 -1 0
-1.5 0.5 -0.5 0.5

Chamber 945:
-0.5 -0.5 0.5 -0.5
-1 0 1 0
-2 0 1 -1
-1.5 -0.5 0.5 -0.5

Chamber 946:
-0.5 -0.5 -0.5 0.5
-1 0 -1 0
-2 0 -1 1
-1.5 -0.5 -0.5 0.5

Chamber 947:
-0.5 -0.5 -0.5 0.5
0 -1 0 1
0 -2 -1 1
-0.5 -1.5 -0.5 0.5

Chamber 948:
-0.5 -0.5 -0.5 0.5
0 -1 -1 0
-1 -1 -2 0
-1 -1 -1 0

Chamber 949:
-0.5 -0.5 0.5 0.5
0 -1 0 1
-1 -1 0 2
-1 -1 0 1

Chamber 950:
-0.5 -0.5 0.5 -0.5
0 -1 0 -1
0 -2 1 -1
-0.5 -1.5 0.5 -0.5

Chamber 951:
-0.5 0.5 -0.5 -0.5
-1 1 0 0
-1 2 -1 0
-1 1 -1 0

Chamber 952:
-0.5 -0.5 0.5 0.5
-1 0 1 0
-1 -1 2 0
-1 -1 1 0

Chamber 953:
-0.5 0.5 -0.5 0.5
0 0 -1 1
0 1 -2 1
-0.5 0.5 -1.5 0.5

Chamber 954:
0 0 1 0
0 0 1 1
0 1 2 1
-0.5 0.5 1.5 0.5

Chamber 955:
0 1 0 0
0 1 0 1
0 2 -1 1
-0.5 1.5 -0.5 0.5

Chamber 956:
0 0 -1 0
0 0 -1 1
0 -1 -2 1
-0.5 -0.5 -1.5 0.5

Chamber 957:
0 0 1 0
0 0 1 -1
0 -1 2 -1
-0.5 -0.5 1.5 -0.5

Chamber 958:
0 0 0 1
0 0 -1 1
0 1 -1 2
-0.5 0.5 -0.5 1.5

Chamber 959:
0 0 -1 0
0 -1 -1 0
0 -1 -2 -1
-0.5 -0.5 -1.5 -0.5

Chamber 960:
0 0 0 1
0 -1 0 1
0 -1 -1 2
-0.5 -0.5 -0.5 1.5

Chamber 961:
0 1 0 0
0 1 -1 0
0 2 -1 -1
-0.5 1.5 -0.5 -0.5

Chamber 962:
0 0 -1 0
0 0 -1 -1
0 1 -2 -1
-0.5 0.5 -1.5 -0.5

Chamber 963:
0.5 0.5 0.5 -0.5
1 0 0 -1
1 0 1 -2
0.5 0.5 0.5 -1.5

Chamber 964:
0.5 0.5 -0.5 0.5
1 0 -1 0
1 1 -2 0
0.5 0.5 -1.5 0.5

Chamber 965:
0.5 -0.5 0.5 0.5
1 -1 0 0
1 -2 0 1
0.5 -1.5 0.5 0.5

Chamber 966:
0.5 0.5 0.5 0.5
1 0 0 1
1 0 1 2
1 0 1 1

Chamber 967:
0.5 0.5 -0.5 -0.5
1 0 -1 0
1 1 -2 0
1 1 -1 0

Chamber 968:
0.5 -0.5 0.5 -0.5
1 -1 0 0
1 -2 0 -1
1 -1 0 -1

Chamber 969:
0.5 0.5 0.5 0.5
1 0 1 0
2 0 1 1
1 0 1 1

Chamber 970:
0.5 0.5 -0.5 -0.5
1 0 0 -1
2 1 0 -1
1 1 0 -1

Chamber 971:
0.5 -0.5 -0.5 0.5
1 -1 0 0
2 -1 -1 0
1 -1 -1 0

Chamber 972:
0.5 0.5 0.5 -0.5
1 0 1 0
2 0 1 -1
1.5 0.5 0.5 -0.5

Chamber 973:
0.5 0.5 -0.5 0.5
1 0 0 1
2 1 0 1
1.5 0.5 -0.5 0.5

Chamber 974:
0.5 -0.5 -0.5 -0.5
1 -1 0 0
2 -1 -1 0
1.5 -0.5 -0.5 -0.5

Chamber 975:
-0.5 0.5 0.5 -0.5
0 1 0 -1
-1 1 0 -2
-1 1 0 -1

Chamber 976:
-0.5 0.5 -0.5 0.5
0 1 -1 0
-1 2 -1 0
-1 1 -1 0

Chamber 977:
-0.5 -0.5 -0.5 -0.5
0 0 -1 -1
-1 0 -2 -1
-1 0 -1 -1

Chamber 978:
-0.5 0.5 0.5 0.5
0 1 0 1
-1 1 0 2
-0.5 0.5 0.5 1.5

Chamber 979:
-0.5 0.5 -0.5 -0.5
0 1 -1 0
-1 2 -1 0
-0.5 1.5 -0.5 -0.5

Chamber 980:
-0.5 -0.5 -0.5 0.5
0 0 -1 1
-1 0 -2 1
-0.5 -0.5 -1.5 0.5

Chamber 981:
-0.5 0.5 0.5 0.5
0 1 1 0
0 1 2 1
-0.5 0.5 1.5 0.5

Chamber 982:
-0.5 0.5 -0.5 -0.5
0 1 0 -1
0 2 -1 -1
-0.5 1.5 -0.5 -0.5

Chamber 983:
-0.5 -0.5 0.5 -0.5
0 0 1 -1
0 -1 1 -2
-0.5 -0.5 0.5 -1.5

Chamber 984:
-0.5 0.5 0.5 -0.5
0 1 1 0
0 1 2 -1
0 1 1 -1

Chamber 985:
-0.5 0.5 -0.5 0.5
0 1 0 1
0 2 -1 1
0 1 -1 1

Chamber 986:
-0.5 -0.5 0.5 0.5
0 0 1 1
0 -1 1 2
0 -1 1 1

Chamber 987:
0 0 1 0
1 0 1 0
1 0 2 1
0.5 -0.5 1.5 0.5

Chamber 988:
0 0 1 0
1 0 1 0
1 0 2 -1
0.5 0.5 1.5 -0.5

Chamber 989:
0 0 0 -1
1 0 0 -1
1 -1 0 -2
0.5 -0.5 -0.5 -1.5

Chamber 990:
0 0 0 1
1 0 0 1
1 -1 0 2
0.5 -0.5 0.5 1.5

Chamber 991:
0 0 0 1
1 0 0 1
1 1 0 2
0.5 0.5 -0.5 1.5

Chamber 992:
0 0 -1 0
1 0 -1 0
1 0 -2 -1
0.5 -0.5 -1.5 -0.5

Chamber 993:
0 0 0 -1
1 0 0 -1
1 1 0 -2
0.5 0.5 0.5 -1.5

Chamber 994:
0 0 -1 0
1 0 -1 0
1 0 -2 1
0.5 0.5 -1.5 0.5

Chamber 995:
-1 0 0 0
-1 0 0 -1
-2 1 0 -1
-1.5 0.5 0.5 -0.5

Chamber 996:
0.5 -0.5 0.5 0.5
1 0 1 0
2 -1 1 0
1 -1 1 0

Chamber 997:
0.5 -0.5 -0.5 -0.5
0 -1 0 -1
1 -2 0 -1
1 -1 0 -1

Chamber 998:
-0.5 -0.5 -0.5 -0.5
0 -1 0 -1
0 -1 -1 -2
-0.5 -0.5 -0.5 -1.5

Chamber 999:
-0.5 -0.5 -0.5 0.5
-1 0 -1 0
-1 0 -2 1
-1 0 -1 1

Chamber 1000:
-0.5 -0.5 0.5 -0.5
0 -1 0 -1
0 -1 1 -2
0 -1 1 -1

Chamber 1001:
0 1 0 0
0 1 0 -1
1 2 0 -1
0.5 1.5 0.5 -0.5

Chamber 1002:
0 0 0 -1
0 -1 0 -1
1 -1 0 -2
0.5 -0.5 0.5 -1.5

Chamber 1003:
0 0 -1 0
0 0 -1 -1
1 0 -2 -1
0.5 0.5 -1.5 -0.5

Chamber 1004:
-0.5 0.5 0.5 0.5
0 1 1 0
-1 1 2 0
-1 1 1 0

Chamber 1005:
-0.5 0.5 -0.5 0.5
0 1 -1 0
0 2 -1 1
-0.5 1.5 -0.5 0.5

Chamber 1006:
-0.5 0.5 -0.5 -0.5
-1 0 0 -1
-1 1 0 -2
-1 1 0 -1

Chamber 1007:
-0.5 -0.5 0.5 -0.5
-1 0 0 -1
-2 0 1 -1
-1 0 1 -1

Chamber 1008:
-0.5 -0.5 -0.5 0.5
0 -1 -1 0
0 -2 -1 1
0 -1 -1 1

Chamber 1009:
-1 0 0 0
-1 0 0 -1
-2 0 -1 -1
-1.5 0.5 -0.5 -0.5

Chamber 1010:
-1 0 0 0
-1 0 -1 0
-2 0 -1 1
-1.5 0.5 -0.5 0.5

Chamber 1011:
0.5 -0.5 0.5 0.5
1 0 1 0
2 0 1 1
1.5 -0.5 0.5 0.5

Chamber 1012:
-0.5 0.5 -0.5 -0.5
0 1 0 -1
-1 1 0 -2
-0.5 0.5 -0.5 -1.5

Chamber 1013:
0.5 0.5 0.5 0.5
1 0 1 0
1 1 2 0
1 1 1 0

Chamber 1014:
0.5 0.5 0.5 -0.5
1 0 1 0
1 0 2 -1
1 0 1 -1

Chamber 1015:
0.5 -0.5 -0.5 0.5
1 0 -1 0
1 -1 -2 0
1 -1 -1 0

Chamber 1016:
0.5 -0.5 0.5 0.5
1 0 0 1
1 -1 0 2
1 -1 0 1

Chamber 1017:
0.5 -0.5 0.5 -0.5
0 -1 0 -1
1 -1 0 -2
1 -1 0 -1

Chamber 1018:
-0.5 0.5 -0.5 0.5
-1 0 -1 0
-2 0 -1 1
-1 0 -1 1

Chamber 1019:
0.5 0.5 0.5 -0.5
0 1 0 -1
0 2 1 -1
0.5 1.5 0.5 -0.5

Chamber 1020:
0.5 0.5 -0.5 -0.5
0 0 -1 -1
0 1 -2 -1
0.5 0.5 -1.5 -0.5

Chamber 1021:
0.5 -0.5 -0.5 -0.5
0 -1 0 -1
0 -2 -1 -1
0.5 -1.5 -0.5 -0.5

Chamber 1022:
-0.5 0.5 0.5 -0.5
0 1 0 -1
0 2 1 -1
0 1 1 -1

Chamber 1023:
0.5 0.5 -0.5 0.5
1 0 -1 0
2 0 -1 1
1.5 0.5 -0.5 0.5

Chamber 1024:
0.5 0.5 -0.5 -0.5
1 0 -1 0
2 1 -1 0
1.5 0.5 -0.5 -0.5

Chamber 1025:
-0.5 0.5 0.5 0.5
-1 0 1 0
-1 1 2 0
-0.5 0.5 1.5 0.5

Chamber 1026:
0.5 0.5 0.5 -0.5
0 0 1 -1
1 0 1 -2
1 0 1 -1

Chamber 1027:
0.5 0.5 -0.5 -0.5
0 1 0 -1
1 1 0 -2
1 1 0 -1

Chamber 1028:
0.5 -0.5 -0.5 -0.5
0 -1 -1 0
1 -1 -2 0
1 -1 -1 0

Chamber 1029:
-0.5 -0.5 -0.5 -0.5
0 -1 0 -1
0 -2 -1 -1
0 -1 -1 -1

Chamber 1030:
-0.5 -0.5 0.5 -0.5
0 -1 0 -1
-1 -1 0 -2
-0.5 -0.5 0.5 -1.5

Chamber 1031:
-0.5 -0.5 -0.5 -0.5
0 -1 -1 0
-1 -1 -2 0
-0.5 -0.5 -1.5 -0.5

Chamber 1032:
-0.5 -0.5 -0.5 0.5
-1 0 -1 0
-1 -1 -2 0
-0.5 -0.5 -1.5 0.5

Chamber 1033:
-0.5 0.5 0.5 0.5
-1 1 0 0
-2 1 0 1
-1 1 0 1

Chamber 1034:
-0.5 0.5 -0.5 -0.5
-1 0 -1 0
-2 1 -1 0
-1 1 -1 0

Chamber 1035:
-0.5 -0.5 0.5 0.5
-1 0 1 0
-2 0 1 1
-1 0 1 1

Chamber 1036:
-0.5 0.5 -0.5 -0.5
0 0 -1 -1
0 1 -2 -1
0 1 -1 -1

Chamber 1037:
-0.5 0.5 -0.5 0.5
-1 1 0 0
-1 2 -1 0
-0.5 1.5 -0.5 0.5

Chamber 1038:
0 0 1 0
0 0 1 -1
0 1 2 -1
0.5 0.5 1.5 -0.5

Chamber 1039:
0 1 0 0
0 1 0 -1
0 2 -1 -1
0.5 1.5 -0.5 -0.5

Chamber 1040:
0 0 -1 0
0 0 -1 -1
0 -1 -2 -1
0.5 -0.5 -1.5 -0.5

Chamber 1041:
0 1 0 0
0 1 -1 0
0 2 -1 1
0.5 1.5 -0.5 0.5

Chamber 1042:
0 0 0 -1
0 0 -1 -1
0 1 -1 -2
0.5 0.5 -0.5 -1.5

Chamber 1043:
0 0 0 -1
0 -1 0 -1
0 -1 -1 -2
0.5 -0.5 -0.5 -1.5

Chamber 1044:
0 0 -1 0
0 -1 -1 0
0 -1 -2 1
0.5 -0.5 -1.5 0.5

Chamber 1045:
-0.5 0.5 0.5 0.5
0 1 0 1
-1 2 0 1
-1 1 0 1

Chamber 1046:
-0.5 0.5 0.5 -0.5
0 1 0 -1
-1 2 0 -1
-0.5 1.5 0.5 -0.5

Chamber 1047:
-1 0 0 0
-1 0 -1 0
-2 1 -1 0
-1.5 0.5 -0.5 -0.5

Chamber 1048:
0.5 -0.5 0.5 0.5
1 0 0 1
2 -1 0 1
1.5 -0.5 0.5 0.5

Chamber 1049:
-0.5 0.5 -0.5 -0.5
0 1 -1 0
0 1 -2 -1
-0.5 0.5 -1.5 -0.5

Chamber 1050:
0.5 0.5 0.5 0.5
1 0 0 1
2 1 0 1
1 1 0 1

Chamber 1051:
0.5 0.5 -0.5 0.5
1 0 0 1
2 0 -1 1
1 0 -1 1

Chamber 1052:
0.5 -0.5 0.5 -0.5
1 0 0 -1
2 -1 0 -1
1 -1 0 -1

Chamber 1053:
-0.5 0.5 -0.5 0.5
0 1 -1 0
0 1 -2 1
0 1 -1 1

Chamber 1054:
0.5 0.5 0.5 -0.5
1 0 0 -1
2 1 0 -1
1.5 0.5 0.5 -0.5

Chamber 1055:
0.5 0.5 -0.5 -0.5
1 0 0 -1
2 0 -1 -1
1.5 0.5 -0.5 -0.5

Chamber 1056:
0.5 -0.5 -0.5 0.5
0 -1 -1 0
1 -2 -1 0
1 -1 -1 0

Chamber 1057:
-0.5 0.5 0.5 -0.5
-1 0 0 -1
-1 0 1 -2
-1 0 1 -1

Chamber 1058:
0.5 0.5 -0.5 0.5
0 1 -1 0
1 2 -1 0
0.5 1.5 -0.5 0.5

Chamber 1059:
0.5 0.5 -0.5 -0.5
0 0 -1 -1
1 0 -1 -2
0.5 0.5 -0.5 -1.5

Chamber 1060:
0.5 -0.5 -0.5 -0.5
0 -1 -1 0
1 -2 -1 0
0.5 -1.5 -0.5 -0.5

Chamber 1061:
-0.5 0.5 0.5 0.5
-1 0 0 1
-1 0 1 2
-0.5 0.5 0.5 1.5

Chamber 1062:
0.5 0.5 -0.5 0.5
0 0 -1 1
1 0 -1 2
1 0 -1 1

Chamber 1063:
0.5 0.5 -0.5 -0.5
0 1 -1 0
1 2 -1 0
1 1 -1 0

Chamber 1064:
-0.5 -0.5 -0.5 -0.5
0 -1 -1 0
0 -1 -2 -1
0 -1 -1 -1

Chamber 1065:
-0.5 -0.5 -0.5 0.5
0 -1 -1 0
0 -1 -2 1
-0.5 -0.5 -1.5 0.5

Chamber 1066:
-0.5 -0.5 0.5 -0.5
-1 0 0 -1
-1 0 1 -2
-0.5 -0.5 0.5 -1.5

Chamber 1067:
-0.5 0.5 0.5 0.5
-1 1 0 0
-1 2 1 0
-1 1 1 0

Chamber 1068:
-0.5 -0.5 0.5 0.5
-1 0 0 1
-1 0 1 2
-1 0 1 1

Chamber 1069:
-0.5 0.5 0.5 -0.5
-1 1 0 0
-1 2 1 0
-0.5 1.5 0.5 -0.5

Chamber 1070:
0 0 0 1
0 0 -1 1
1 0 -1 2
0.5 0.5 -0.5 1.5

Chamber 1071:
0 1 0 0
0 1 -1 0
1 2 -1 0
0.5 1.5 -0.5 -0.5

Chamber 1072:
0 0 0 -1
0 0 -1 -1
1 0 -1 -2
0.5 -0.5 -0.5 -1.5

Chamber 1073:
0 0 -1 0
0 -1 -1 0
1 -1 -2 0
0.5 -0.5 -1.5 -0.5

Chamber 1074:
-0.5 0.5 0.5 0.5
0 0 1 1
-1 0 2 1
-0.5 0.5 1.5 0.5

Chamber 1075:
-0.5 0.5 0.5 0.5
0 0 1 1
0 1 1 2
-0.5 0.5 0.5 1.5

Chamber 1076:
-0.5 0.5 -0.5 0.5
0 0 -1 1
-1 0 -2 1
-1 0 -1 1

Chamber 1077:
-0.5 0.5 0.5 -0.5
0 0 1 -1
-1 0 2 -1
-1 0 1 -1

Chamber 1078:
-0.5 0.5 0.5 -0.5
0 0 1 -1
0 1 1 -2
0 1 1 -1

Chamber 1079:
-0.5 0.5 -0.5 -0.5
0 0 -1 -1
-1 0 -2 -1
-0.5 0.5 -1.5 -0.5

Chamber 1080:
-0.5 0.5 -0.5 0.5
0 0 -1 1
0 1 -1 2
0 1 -1 1

Chamber 1081:
-0.5 0.5 -0.5 -0.5
0 0 -1 -1
0 1 -1 -2
-0.5 0.5 -0.5 -1.5

Chamber 1082:
-0.5 -0.5 0.5 0.5
-1 -1 0 0
-2 -1 1 0
-1 -1 1 0

Chamber 1083:
-0.5 -0.5 0.5 0.5
-1 -1 0 0
-1 -2 0 1
-1 -1 0 1

Chamber 1084:
-0.5 -0.5 -0.5 0.5
-1 -1 0 0
-2 -1 -1 0
-1.5 -0.5 -0.5 0.5

Chamber 1085:
-0.5 -0.5 0.5 0.5
-1 -1 0 0
-2 -1 0 1
-1.5 -0.5 0.5 0.5

Chamber 1086:
-0.5 -0.5 0.5 -0.5
-1 -1 0 0
-2 -1 1 0
-1.5 -0.5 0.5 -0.5

Chamber 1087:
-0.5 -0.5 0.5 -0.5
-1 -1 0 0
-1 -2 0 -1
-0.5 -1.5 0.5 -0.5

Chamber 1088:
-0.5 -0.5 0.5 -0.5
-1 -1 0 0
-2 -1 0 -1
-1 -1 0 -1

Chamber 1089:
-0.5 -0.5 -0.5 -0.5
-1 -1 0 0
-2 -1 -1 0
-1 -1 -1 0

Chamber 1090:
-0.5 -0.5 -0.5 0.5
-1 -1 0 0
-1 -2 0 1
-0.5 -1.5 -0.5 0.5

Chamber 1091:
-0.5 -0.5 -0.5 0.5
-1 -1 0 0
-1 -2 -1 0
-1 -1 -1 0

Chamber 1092:
-0.5 -0.5 -0.5 -0.5
-1 -1 0 0
-1 -2 0 -1
-1 -1 0 -1

Chamber 1093:
-0.5 -0.5 -0.5 -0.5
-1 -1 0 0
-1 -2 -1 0
-0.5 -1.5 -0.5 -0.5

Chamber 1094:
-1 0 0 0
-1 -1 0 0
-2 -1 0 -1
-1.5 -0.5 0.5 -0.5

Chamber 1095:
-1 0 0 0
-1 -1 0 0
-2 -1 -1 0
-1.5 -0.5 -0.5 -0.5

Chamber 1096:
-1 0 0 0
-1 -1 0 0
-2 -1 0 1
-1.5 -0.5 -0.5 0.5

Chamber 1097:
0.5 0.5 -0.5 0.5
0 1 0 1
0 2 -1 1
0.5 1.5 -0.5 0.5

Chamber 1098:
0.5 0.5 0.5 -0.5
0 1 1 0
1 2 1 0
0.5 1.5 0.5 -0.5

Chamber 1099:
-0.5 0.5 -0.5 -0.5
-1 1 0 0
-2 1 -1 0
-1.5 0.5 -0.5 -0.5

Chamber 1100:
0.5 0.5 0.5 0.5
0 0 1 1
0 1 1 2
0 1 1 1

Chamber 1101:
0.5 0.5 0.5 -0.5
0 1 1 0
0 2 1 -1
0 1 1 -1

Chamber 1102:
0.5 0.5 -0.5 -0.5
0 1 -1 0
0 1 -2 -1
0 1 -1 -1

Chamber 1103:
0.5 0.5 -0.5 0.5
0 1 0 1
0 1 -1 2
0 1 -1 1

Chamber 1104:
0.5 0.5 -0.5 -0.5
0 1 0 -1
0 2 -1 -1
0 1 -1 -1

Chamber 1105:
0.5 0.5 0.5 0.5
0 1 1 0
1 2 1 0
1 1 1 0

Chamber 1106:
-0.5 0.5 -0.5 0.5
-1 1 0 0
-2 1 -1 0
-1 1 -1 0

Chamber 1107:
0.5 0.5 0.5 0.5
0 1 1 0
0 2 1 1
0.5 1.5 0.5 0.5

Chamber 1108:
0.5 0.5 -0.5 -0.5
0 1 0 -1
0 1 -1 -2
0.5 0.5 -0.5 -1.5

Chamber 1109:
0.5 0.5 -0.5 0.5
0 1 -1 0
0 1 -2 1
0.5 0.5 -1.5 0.5

Chamber 1110:
0.5 0.5 0.5 -0.5
0 0 1 -1
0 1 1 -2
0.5 0.5 0.5 -1.5

Chamber 1111:
0.5 0.5 0.5 0.5
0 1 0 1
1 1 0 2
1 1 0 1

Chamber 1112:
-0.5 0.5 0.5 -0.5
-1 1 0 0
-1 2 0 -1
-1 1 0 -1

Chamber 1113:
0.5 0.5 0.5 0.5
0 1 0 1
1 2 0 1
0.5 1.5 0.5 0.5

Chamber 1114:
0.5 0.5 -0.5 -0.5
0 1 -1 0
1 1 -2 0
0.5 0.5 -1.5 -0.5

Chamber 1115:
0.5 0.5 0.5 -0.5
0 1 0 -1
1 1 0 -2
0.5 0.5 0.5 -1.5

Chamber 1116:
0.5 0.5 -0.5 0.5
0 0 -1 1
1 0 -2 1
0.5 0.5 -1.5 0.5

Chamber 1117:
-0.5 0.5 0.5 0.5
-1 1 0 0
-1 2 0 1
-0.5 1.5 0.5 0.5

Chamber 1118:
0.5 0.5 0.5 -0.5
0 1 0 -1
1 2 0 -1
1 1 0 -1

Chamber 1119:
0.5 0.5 -0.5 0.5
0 1 -1 0
1 1 -2 0
1 1 -1 0

Chamber 1120:
0.5 0.5 -0.5 -0.5
0 0 -1 -1
1 0 -2 -1
1 0 -1 -1

Chamber 1121:
-0.5 0.5 0.5 -0.5
-1 0 1 0
-2 0 1 -1
-1 0 1 -1

Chamber 1122:
-0.5 0.5 -0.5 0.5
-1 0 0 1
-1 0 -1 2
-1 0 -1 1

Chamber 1123:
-0.5 0.5 0.5 -0.5
-1 0 1 0
-2 1 1 0
-1.5 0.5 0.5 -0.5

Chamber 1124:
-0.5 0.5 -0.5 0.5
-1 0 0 1
-2 0 -1 1
-1.5 0.5 -0.5 0.5

Chamber 1125:
-0.5 0.5 0.5 0.5
-1 0 1 0
-2 0 1 1
-1.5 0.5 0.5 0.5

Chamber 1126:
-0.5 0.5 0.5 0.5
-1 0 0 1
-2 1 0 1
-1.5 0.5 0.5 0.5

Chamber 1127:
-0.5 0.5 -0.5 -0.5
-1 0 0 -1
-1 0 -1 -2
-0.5 0.5 -0.5 -1.5

Chamber 1128:
-0.5 0.5 0.5 0.5
-1 0 1 0
-2 1 1 0
-1 1 1 0

Chamber 1129:
-0.5 0.5 -0.5 -0.5
-1 0 0 -1
-2 0 -1 -1
-1 0 -1 -1

Chamber 1130:
-0.5 0.5 0.5 -0.5
-1 0 0 -1
-2 1 0 -1
-1 1 0 -1

Chamber 1131:
-0.5 0.5 -0.5 -0.5
-1 0 -1 0
-1 1 -2 0
-0.5 0.5 -1.5 -0.5

Chamber 1132:
-0.5 0.5 0.5 0.5
-1 0 0 1
-1 1 0 2
-1 1 0 1

Chamber 1133:
-0.5 0.5 -0.5 -0.5
-1 0 -1 0
-1 0 -2 -1
-1 0 -1 -1

Chamber 1134:
-0.5 0.5 -0.5 0.5
-1 0 -1 0
-1 1 -2 0
-1 1 -1 0

Chamber 1135:
-0.5 0.5 0.5 -0.5
-1 0 0 -1
-1 1 0 -2
-0.5 0.5 0.5 -1.5

Chamber 1136:
-0.5 0.5 -0.5 0.5
-1 0 -1 0
-1 0 -2 1
-0.5 0.5 -1.5 0.5

Chamber 1137:
0 0 1 0
-1 0 1 0
-1 0 2 1
-0.5 0.5 1.5 0.5

Chamber 1138:
0 0 1 0
-1 0 1 0
-1 1 2 0
-0.5 0.5 1.5 -0.5

Chamber 1139:
0 1 0 0
-1 1 0 0
-1 2 0 1
-0.5 1.5 -0.5 0.5

Chamber 1140:
0 0 0 -1
-1 0 0 -1
-1 0 -1 -2
-0.5 -0.5 -0.5 -1.5

Chamber 1141:
0 0 -1 0
-1 0 -1 0
-1 0 -2 1
-0.5 -0.5 -1.5 0.5

Chamber 1142:
0 0 1 0
-1 0 1 0
-1 0 2 -1
-0.5 -0.5 1.5 -0.5

Chamber 1143:
0 0 0 -1
-1 0 0 -1
-1 1 0 -2
-0.5 0.5 -0.5 -1.5

Chamber 1144:
0 0 0 1
-1 0 0 1
-1 1 0 2
-0.5 0.5 0.5 1.5

Chamber 1145:
0 1 0 0
-1 1 0 0
-1 2 0 -1
-0.5 1.5 0.5 -0.5

Chamber 1146:
0 0 -1 0
-1 0 -1 0
-1 0 -2 -1
-0.5 0.5 -1.5 -0.5

Chamber 1147:
0 0 0 1
-1 0 0 1
-1 0 -1 2
-0.5 0.5 -0.5 1.5

Chamber 1148:
0 1 0 0
-1 1 0 0
-1 2 -1 0
-0.5 1.5 -0.5 -0.5

Chamber 1149:
0 0 0 -1
-1 0 0 -1
-1 -1 0 -2
-0.5 -0.5 0.5 -1.5

Chamber 1150:
0 0 -1 0
-1 0 -1 0
-1 -1 -2 0
-0.5 -0.5 -1.5 -0.5

Chamber 1151:
0 0 0 1
-1 0 0 1
-1 -1 0 2
-0.5 -0.5 -0.5 1.5

