Chamber 0:
1 0 0 0
1 1 0 0
1 1 1 -1
1 1 1 1

Chamber 1:
0 -1 0 0
-1 -1 0 0
-1 -1 1 -1
-1 -1 1 1

Chamber 2:
0 1 0 0
1 1 0 0
1 1 1 -1
1 1 1 1

Chamber 3:
0 0 -1 0
0 1 -1 0
-1 1 -1 -1
-1 1 -1 1

Chamber 4:
0 0 1 0
0 1 1 0
1 1 1 -1
1 1 1 1

Chamber 5:
0 0 0 -1
0 1 0 -1
1 1 1 -1
-1 1 1 -1

Chamber 6:
0 0 0 1
0 1 0 1
-1 1 1 1
1 1 1 1

Chamber 7:
1 0 0 0
1 0 -1 0
1 -1 -1 -1
1 -1 -1 1

Chamber 8:
1 0 0 0
1 0 1 0
1 1 1 -1
1 1 1 1

Chamber 9:
1 0 0 0
1 0 0 -1
1 1 1 -1
1 -1 1 -1

Chamber 10:
1 0 0 0
1 0 0 1
1 -1 1 1
1 1 1 1

Chamber 11:
1 0 0 0
1 1 0 0
1 1 1 -1
1 1 -1 -1

Chamber 12:
1 0 0 0
1 1 0 0
1 1 -1 1
1 1 1 1

Chamber 13:
-1 0 0 0
-1 -1 0 0
-1 -1 1 -1
-1 -1 1 1

Chamber 14:
0 -1 0 0
0 -1 1 0
-1 -1 1 -1
-1 -1 1 1

Chamber 15:
0 -1 0 0
0 -1 -1 0
1 -1 -1 -1
1 -1 -1 1

Chamber 16:
0 -1 0 0
0 -1 0 1
1 -1 1 1
-1 -1 1 1

Chamber 17:
0 -1 0 0
0 -1 0 -1
-1 -1 1 -1
1 -1 1 -1

Chamber 18:
0 0 1 0
-1 0 1 0
-1 -1 1 -1
-1 -1 1 1

Chamber 19:
0 0 -1 0
-1 0 -1 0
-1 1 -1 -1
-1 1 -1 1

Chamber 20:
0 0 0 1
-1 0 0 1
-1 1 1 1
-1 -1 1 1

Chamber 21:
0 0 0 -1
-1 0 0 -1
-1 -1 1 -1
-1 1 1 -1

Chamber 22:
0 -1 0 0
-1 -1 0 0
-1 -1 1 -1
-1 -1 -1 -1

Chamber 23:
0 -1 0 0
-1 -1 0 0
-1 -1 -1 1
-1 -1 1 1

Chamber 24:
0 1 0 0
0 1 -1 0
-1 1 -1 -1
-1 1 -1 1

Chamber 25:
0 1 0 0
0 1 1 0
1 1 1 -1
1 1 1 1

Chamber 26:
0 1 0 0
0 1 0 -1
1 1 1 -1
-1 1 1 -1

Chamber 27:
0 1 0 0
0 1 0 1
-1 1 1 1
1 1 1 1

Chamber 28:
0 0 -1 0
1 0 -1 0
1 -1 -1 -1
1 -1 -1 1

Chamber 29:
0 0 1 0
1 0 1 0
1 1 1 -1
1 1 1 1

Chamber 30:
0 0 0 -1
1 0 0 -1
1 1 1 -1
1 -1 1 -1

Chamber 31:
0 0 0 1
1 0 0 1
1 -1 1 1
1 1 1 1

Chamber 32:
0 1 0 0
1 1 0 0
1 1 1 -1
1 1 -1 -1

Chamber 33:
0 1 0 0
1 1 0 0
1 1 -1 1
1 1 1 1

Chamber 34:
-1 0 0 0
-1 1 0 0
-1 1 -1 -1
-1 1 -1 1

Chamber 35:
0 0 -1 0
0 1 -1 0
1 1 -1 1
-1 1 -1 1

Chamber 36:
0 0 -1 0
0 1 -1 0
-1 1 -1 -1
1 1 -1 -1

Chamber 37:
0 0 -1 0
0 0 -1 -1
-1 1 -1 -1
-1 -1 -1 -1

Chamber 38:
0 0 -1 0
0 0 -1 1
-1 -1 -1 1
-1 1 -1 1

Chamber 39:
0 0 0 1
0 1 0 1
-1 1 1 1
-1 1 -1 1

Chamber 40:
0 0 0 -1
0 1 0 -1
-1 1 -1 -1
-1 1 1 -1

Chamber 41:
0 0 1 0
0 1 1 0
1 1 1 -1
-1 1 1 -1

Chamber 42:
0 0 1 0
0 1 1 0
-1 1 1 1
1 1 1 1

Chamber 43:
0 0 1 0
0 0 1 -1
1 1 1 -1
1 -1 1 -1

Chamber 44:
0 0 1 0
0 0 1 1
1 -1 1 1
1 1 1 1

Chamber 45:
0 0 0 -1
0 1 0 -1
1 1 1 -1
1 1 -1 -1

Chamber 46:
0 0 0 1
0 1 0 1
1 1 -1 1
1 1 1 1

Chamber 47:
-1 0 0 0
-1 1 0 0
-1 1 1 1
-1 1 1 -1

Chamber 48:
0 0 0 -1
0 0 -1 -1
1 -1 -1 -1
-1 -1 -1 -1

Chamber 49:
0 0 0 -1
0 0 1 -1
1 1 1 -1
-1 1 1 -1

Chamber 50:
0 0 0 1
0 0 -1 1
-1 -1 -1 1
1 -1 -1 1

Chamber 51:
0 0 0 1
0 0 1 1
-1 1 1 1
1 1 1 1

Chamber 52:
1 0 0 0
1 -1 0 0
1 -1 -1 -1
1 -1 -1 1

Chamber 53:
1 0 0 0
1 0 -1 0
1 1 -1 1
1 -1 -1 1

Chamber 54:
1 0 0 0
1 0 -1 0
1 -1 -1 -1
1 1 -1 -1

Chamber 55:
1 0 0 0
1 0 0 1
1 -1 1 1
1 -1 -1 1

Chamber 56:
1 0 0 0
1 0 0 -1
1 -1 -1 -1
1 -1 1 -1

Chamber 57:
1 0 0 0
1 0 1 0
1 1 1 -1
1 -1 1 -1

Chamber 58:
1 0 0 0
1 0 1 0
1 -1 1 1
1 1 1 1

Chamber 59:
1 0 0 0
1 0 0 -1
1 1 1 -1
1 1 -1 -1

Chamber 60:
1 0 0 0
1 0 0 1
1 1 -1 1
1 1 1 1

Chamber 61:
1 0 0 0
1 -1 0 0
1 -1 1 1
1 -1 1 -1

Chamber 62:
1 0 0 0
1 1 0 0
1 1 -1 1
1 1 -1 -1

Chamber 63:
0 0 1 0
0 -1 1 0
-1 -1 1 -1
-1 -1 1 1

Chamber 64:
0 0 -1 0
0 -1 -1 0
1 -1 -1 -1
1 -1 -1 1

Chamber 65:
0 0 0 1
0 -1 0 1
1 -1 1 1
-1 -1 1 1

Chamber 66:
0 0 0 -1
0 -1 0 -1
-1 -1 1 -1
1 -1 1 -1

Chamber 67:
-1 0 0 0
-1 0 1 0
-1 -1 1 -1
-1 -1 1 1

Chamber 68:
-1 0 0 0
-1 0 -1 0
-1 1 -1 -1
-1 1 -1 1

Chamber 69:
-1 0 0 0
-1 0 0 1
-1 1 1 1
-1 -1 1 1

Chamber 70:
-1 0 0 0
-1 0 0 -1
-1 -1 1 -1
-1 1 1 -1

Chamber 71:
-1 0 0 0
-1 -1 0 0
-1 -1 1 -1
-1 -1 -1 -1

Chamber 72:
-1 0 0 0
-1 -1 0 0
-1 -1 -1 1
-1 -1 1 1

Chamber 73:
0 -1 0 0
1 -1 0 0
1 -1 -1 -1
1 -1 -1 1

Chamber 74:
0 -1 0 0
0 -1 1 0
1 -1 1 1
-1 -1 1 1

Chamber 75:
0 -1 0 0
0 -1 1 0
-1 -1 1 -1
1 -1 1 -1

Chamber 76:
0 0 0 1
0 0 1 1
-1 1 1 1
-1 -1 1 1

Chamber 77:
0 0 0 -1
0 0 1 -1
-1 -1 1 -1
-1 1 1 -1

Chamber 78:
0 -1 0 0
0 -1 0 -1
-1 -1 1 -1
-1 -1 -1 -1

Chamber 79:
0 -1 0 0
0 -1 0 1
-1 -1 -1 1
-1 -1 1 1

Chamber 80:
0 -1 0 0
0 -1 -1 0
1 -1 -1 -1
-1 -1 -1 -1

Chamber 81:
0 -1 0 0
0 -1 -1 0
-1 -1 -1 1
1 -1 -1 1

Chamber 82:
0 0 0 1
0 0 -1 1
1 1 -1 1
1 -1 -1 1

Chamber 83:
0 0 0 -1
0 0 -1 -1
1 -1 -1 -1
1 1 -1 -1

Chamber 84:
0 -1 0 0
0 -1 0 1
1 -1 1 1
1 -1 -1 1

Chamber 85:
0 -1 0 0
0 -1 0 -1
1 -1 -1 -1
1 -1 1 -1

Chamber 86:
0 -1 0 0
1 -1 0 0
1 -1 1 1
1 -1 1 -1

Chamber 87:
0 0 1 0
0 0 1 1
1 -1 1 1
-1 -1 1 1

Chamber 88:
0 0 -1 0
0 0 -1 1
1 1 -1 1
-1 1 -1 1

Chamber 89:
0 0 1 0
0 0 1 -1
-1 -1 1 -1
1 -1 1 -1

Chamber 90:
0 0 -1 0
0 0 -1 -1
-1 1 -1 -1
1 1 -1 -1

Chamber 91:
0 1 0 0
-1 1 0 0
-1 1 -1 -1
-1 1 -1 1

Chamber 92:
0 0 1 0
-1 0 1 0
-1 1 1 1
-1 -1 1 1

Chamber 93:
0 0 1 0
-1 0 1 0
-1 -1 1 -1
-1 1 1 -1

Chamber 94:
0 0 0 -1
-1 0 0 -1
-1 -1 1 -1
-1 -1 -1 -1

Chamber 95:
0 0 0 1
-1 0 0 1
-1 -1 -1 1
-1 -1 1 1

Chamber 96:
0 0 -1 0
-1 0 -1 0
-1 1 -1 -1
-1 -1 -1 -1

Chamber 97:
0 0 -1 0
-1 0 -1 0
-1 -1 -1 1
-1 1 -1 1

Chamber 98:
0 0 0 1
-1 0 0 1
-1 1 1 1
-1 1 -1 1

Chamber 99:
0 0 0 -1
-1 0 0 -1
-1 1 -1 -1
-1 1 1 -1

Chamber 100:
0 1 0 0
-1 1 0 0
-1 1 1 1
-1 1 1 -1

Chamber 101:
0 -1 0 0
-1 -1 0 0
-1 -1 -1 1
-1 -1 -1 -1

Chamber 102:
0 1 0 0
0 1 -1 0
1 1 -1 1
-1 1 -1 1

Chamber 103:
0 1 0 0
0 1 -1 0
-1 1 -1 -1
1 1 -1 -1

Chamber 104:
0 0 0 -1
0 0 -1 -1
-1 1 -1 -1
-1 -1 -1 -1

Chamber 105:
0 0 0 1
0 0 -1 1
-1 -1 -1 1
-1 1 -1 1

Chamber 106:
0 1 0 0
0 1 0 1
-1 1 1 1
-1 1 -1 1

Chamber 107:
0 1 0 0
0 1 0 -1
-1 1 -1 -1
-1 1 1 -1

Chamber 108:
0 1 0 0
0 1 1 0
1 1 1 -1
-1 1 1 -1

Chamber 109:
0 1 0 0
0 1 1 0
-1 1 1 1
1 1 1 1

Chamber 110:
0 0 0 -1
0 0 1 -1
1 1 1 -1
1 -1 1 -1

Chamber 111:
0 0 0 1
0 0 1 1
1 -1 1 1
1 1 1 1

Chamber 112:
0 1 0 0
0 1 0 -1
1 1 1 -1
1 1 -1 -1

Chamber 113:
0 1 0 0
0 1 0 1
1 1 -1 1
1 1 1 1

Chamber 114:
0 0 -1 0
0 0 -1 -1
1 -1 -1 -1
-1 -1 -1 -1

Chamber 115:
0 0 1 0
0 0 1 -1
1 1 1 -1
-1 1 1 -1

Chamber 116:
0 0 -1 0
0 0 -1 1
-1 -1 -1 1
1 -1 -1 1

Chamber 117:
0 0 1 0
0 0 1 1
-1 1 1 1
1 1 1 1

Chamber 118:
0 0 -1 0
1 0 -1 0
1 1 -1 1
1 -1 -1 1

Chamber 119:
0 0 -1 0
1 0 -1 0
1 -1 -1 -1
1 1 -1 -1

Chamber 120:
0 0 0 1
1 0 0 1
1 -1 1 1
1 -1 -1 1

Chamber 121:
0 0 0 -1
1 0 0 -1
1 -1 -1 -1
1 -1 1 -1

Chamber 122:
0 0 1 0
1 0 1 0
1 1 1 -1
1 -1 1 -1

Chamber 123:
0 0 1 0
1 0 1 0
1 -1 1 1
1 1 1 1

Chamber 124:
0 0 0 -1
1 0 0 -1
1 1 1 -1
1 1 -1 -1

Chamber 125:
0 0 0 1
1 0 0 1
1 1 -1 1
1 1 1 1

Chamber 126:
0 1 0 0
1 1 0 0
1 1 -1 1
1 1 -1 -1

Chamber 127:
0 0 0 1
0 1 0 1
1 1 -1 1
-1 1 -1 1

Chamber 128:
0 0 0 -1
0 1 0 -1
-1 1 -1 -1
1 1 -1 -1

Chamber 129:
-1 0 0 0
-1 0 0 -1
-1 1 -1 -1
-1 -1 -1 -1

Chamber 130:
-1 0 0 0
-1 0 0 1
-1 -1 -1 1
-1 1 -1 1

Chamber 131:
-1 0 0 0
-1 1 0 0
-1 1 1 1
-1 1 -1 1

Chamber 132:
-1 0 0 0
-1 1 0 0
-1 1 -1 -1
-1 1 1 -1

Chamber 133:
0 0 -1 0
0 1 -1 0
1 1 -1 1
1 1 -1 -1

Chamber 134:
0 0 -1 0
0 -1 -1 0
-1 -1 -1 1
-1 -1 -1 -1

Chamber 135:
0 0 1 0
0 1 1 0
-1 1 1 1
-1 1 1 -1

Chamber 136:
0 0 1 0
0 -1 1 0
1 -1 1 1
1 -1 1 -1

Chamber 137:
-1 0 0 0
-1 0 -1 0
-1 -1 -1 1
-1 -1 -1 -1

Chamber 138:
-1 0 0 0
-1 0 1 0
-1 1 1 1
-1 1 1 -1

Chamber 139:
0 0 0 -1
0 -1 0 -1
1 -1 -1 -1
-1 -1 -1 -1

Chamber 140:
0 0 0 1
0 -1 0 1
-1 -1 -1 1
1 -1 -1 1

Chamber 141:
1 0 0 0
1 0 0 1
1 1 -1 1
1 -1 -1 1

Chamber 142:
1 0 0 0
1 0 0 -1
1 -1 -1 -1
1 1 -1 -1

Chamber 143:
1 0 0 0
1 -1 0 0
1 -1 1 1
1 -1 -1 1

Chamber 144:
1 0 0 0
1 -1 0 0
1 -1 -1 -1
1 -1 1 -1

Chamber 145:
1 0 0 0
1 0 -1 0
1 1 -1 1
1 1 -1 -1

Chamber 146:
1 0 0 0
1 0 1 0
1 -1 1 1
1 -1 1 -1

Chamber 147:
0 0 1 0
0 -1 1 0
1 -1 1 1
-1 -1 1 1

Chamber 148:
0 0 1 0
0 -1 1 0
-1 -1 1 -1
1 -1 1 -1

Chamber 149:
0 0 1 0
0 0 1 1
-1 1 1 1
-1 -1 1 1

Chamber 150:
0 0 1 0
0 0 1 -1
-1 -1 1 -1
-1 1 1 -1

Chamber 151:
0 0 0 -1
0 -1 0 -1
-1 -1 1 -1
-1 -1 -1 -1

Chamber 152:
0 0 0 1
0 -1 0 1
-1 -1 -1 1
-1 -1 1 1

Chamber 153:
0 0 -1 0
0 -1 -1 0
1 -1 -1 -1
-1 -1 -1 -1

Chamber 154:
0 0 -1 0
0 -1 -1 0
-1 -1 -1 1
1 -1 -1 1

Chamber 155:
0 0 -1 0
0 0 -1 1
1 1 -1 1
1 -1 -1 1

Chamber 156:
0 0 -1 0
0 0 -1 -1
1 -1 -1 -1
1 1 -1 -1

Chamber 157:
0 0 0 1
0 -1 0 1
1 -1 1 1
1 -1 -1 1

Chamber 158:
0 0 0 -1
0 -1 0 -1
1 -1 -1 -1
1 -1 1 -1

Chamber 159:
0 0 0 1
0 0 1 1
1 -1 1 1
-1 -1 1 1

Chamber 160:
0 0 0 1
0 0 -1 1
1 1 -1 1
-1 1 -1 1

Chamber 161:
0 0 0 -1
0 0 1 -1
-1 -1 1 -1
1 -1 1 -1

Chamber 162:
0 0 0 -1
0 0 -1 -1
-1 1 -1 -1
1 1 -1 -1

Chamber 163:
-1 0 0 0
-1 0 1 0
-1 1 1 1
-1 -1 1 1

Chamber 164:
-1 0 0 0
-1 0 1 0
-1 -1 1 -1
-1 1 1 -1

Chamber 165:
-1 0 0 0
-1 0 0 -1
-1 -1 1 -1
-1 -1 -1 -1

Chamber 166:
-1 0 0 0
-1 0 0 1
-1 -1 -1 1
-1 -1 1 1

Chamber 167:
-1 0 0 0
-1 0 -1 0
-1 1 -1 -1
-1 -1 -1 -1

Chamber 168:
-1 0 0 0
-1 0 -1 0
-1 -1 -1 1
-1 1 -1 1

Chamber 169:
-1 0 0 0
-1 0 0 1
-1 1 1 1
-1 1 -1 1

Chamber 170:
-1 0 0 0
-1 0 0 -1
-1 1 -1 -1
-1 1 1 -1

Chamber 171:
-1 0 0 0
-1 -1 0 0
-1 -1 -1 1
-1 -1 -1 -1

Chamber 172:
0 -1 0 0
0 -1 0 -1
1 -1 -1 -1
-1 -1 -1 -1

Chamber 173:
0 -1 0 0
0 -1 0 1
-1 -1 -1 1
1 -1 -1 1

Chamber 174:
0 0 0 1
1 0 0 1
1 1 -1 1
1 -1 -1 1

Chamber 175:
0 0 0 -1
1 0 0 -1
1 -1 -1 -1
1 1 -1 -1

Chamber 176:
0 -1 0 0
1 -1 0 0
1 -1 1 1
1 -1 -1 1

Chamber 177:
0 -1 0 0
1 -1 0 0
1 -1 -1 -1
1 -1 1 -1

Chamber 178:
0 -1 0 0
0 -1 1 0
1 -1 1 1
1 -1 1 -1

Chamber 179:
0 1 0 0
0 1 1 0
-1 1 1 1
-1 1 1 -1

Chamber 180:
0 -1 0 0
0 -1 -1 0
-1 -1 -1 1
-1 -1 -1 -1

Chamber 181:
0 1 0 0
0 1 -1 0
1 1 -1 1
1 1 -1 -1

Chamber 182:
0 0 1 0
1 0 1 0
1 -1 1 1
1 -1 1 -1

Chamber 183:
0 0 -1 0
1 0 -1 0
1 1 -1 1
1 1 -1 -1

Chamber 184:
0 1 0 0
0 1 0 1
1 1 -1 1
-1 1 -1 1

Chamber 185:
0 1 0 0
0 1 0 -1
-1 1 -1 -1
1 1 -1 -1

Chamber 186:
0 0 0 -1
-1 0 0 -1
-1 1 -1 -1
-1 -1 -1 -1

Chamber 187:
0 0 0 1
-1 0 0 1
-1 -1 -1 1
-1 1 -1 1

Chamber 188:
0 1 0 0
-1 1 0 0
-1 1 1 1
-1 1 -1 1

Chamber 189:
0 1 0 0
-1 1 0 0
-1 1 -1 -1
-1 1 1 -1

Chamber 190:
0 0 1 0
-1 0 1 0
-1 1 1 1
-1 1 1 -1

Chamber 191:
0 0 -1 0
-1 0 -1 0
-1 -1 -1 1
-1 -1 -1 -1

