001000000000000000010001000001000000000000000000000010000010000000010000001001000010000011001000000000100100000100001100000000000000100000000000100010000001000010000000100000001010001000100000000100000110000000100000000000001010001000100001
000100000100000000000000000000000011100001000000001000100000001000001000000010000000100000000000000000001000000000100010000010110011001000000000011000000100001001000000000000100000000010000101000000001001100100000000000100000001000000010000
001000000000000010010000000011000000000000000000000000000010000000000000011101000010000011001000000000110100000100000100001000000000100001000000100010000001010010000000000000010010110000000000000100000110000000000000000000000010001000000001
000000010000101000000000000001100000001100000011100000000000000000000011000000000001001001010001000001000000000000000101010001000000000000100000000001100000000000100110000000000001000000000000000000010000000000000010000000010000101100001010
010000000000000010110001000000000000000000000000000010000000000000010000011101001010000010000000000000110100000000001000001000000000100001000000100100010001010000000001000000011000111000000000000000000110001000100000000000000000000001000000
000001000000010000010001111000010100000000000000000000001000000100000001110000001000000101010000000001000000000110000000000000000000100101000000000010000000110100000000000000001100010100000000110000000010000010000001000000000000000000000000
000010001011001010100100000001100000000000000000000000000010000010000000001100110000000000001000001000010000000000001000101100000100010000000000100000000000000000000000010010000000000000000000001000000100010000110000001010010100000000000000
001000100000000100000000000000000000010000000000000000000001000001000100000000000001000000000110010010000000000001010100010000000000000000000110000000000000000000000000101101000010000001101000000011110000000001000100110000001000000000100001
001000000000000000010001000000000000000000000000000010000010000000010000001001000010000010001000000000100100000100001000000000001000100000000000100110000001000010000001100000001010001000100000000100000110000000100000000000001010000001100001
001001000000000000010001010000000000000000000000010010000000000000010000000001000100000010000100000000100100000110010000000000001000000000000100000100000001000100001000100000001000001001101010100000000010000000000000000000001010010001100000
000000000010000000000010000000000000000000000000000010010010000011010100000001000000000010000000000000100100010000001000000000001000010000001000100100000001000010000001101000000010001000100000000000000100000000100100101000001100000010100000
001001000000000000010001010001000000000000000000000000000010000000000000001000000010000011001100000100100100000110010100000000000000100000000100000010000001000110001000000000000010001001100000000100000000000000000000000000000010011000100001
001000000000000000000010000001000000000000100000000000000010000011010100001000000010000011001000000000100100010100000100000000000000110000000000000010000001000010000000101000000010000000100000000100000100000000100100001000000110001000000001
000100000100000000000000001100000011100011000000001001000000001000001000000000000000100000000000000000001000000000100010100010110011000000000000000000001010001000000000000000100100000010010101000000001000000100011000000000000000000000010000
000100000100000000000000000000000000100001000000001000100000001000001000000010000000000000000000000000001000000000100010000010111011001000000000011100000100001001000001000000100000000010000101000000000001100100000000000100000001000001010000
000000000000000000000000000000000001111100011000000100000001000001101100000010000000000000000011010010000011100001010010000000000000001000000000000000000100000000000000000101000000000001001000000011100000000001000000110100000000000000000000
100100001111000000000000000000000000000001000000000000010100000000001000000010000000010000000000000000001011000000000000000010101010001000001000011100000100001001000001000100000000000000000000000000000000100000000000110100100001000010010000
000000000000000000000000000000000000000001010100011100100001100000000000000010000100000000000000100010001000000000100010000000101010001000010000010100000100001000000000000000000000000000001111110000000001100010000000000100000001000001000000
010100000000000000100000001100000000000011000000001001100000001000000000000000001000000000000000000000001000000000100000100000100011000000000000011100011010001001000001000000100100000000000000000000000001101000011000000000000001000001010000
000000010000101000000000000000100011001100000011100000000000000000000011000000000001101000010001000001000000000000000001010001000000000000100000000001100000000000100110000000000001000000000000000000011000000000000010000000010000100100001010
000100001111000010100100000000000000000000000000000000000100001000000000000000110000000000100000001000010000001000000000100101010100010000000000001000000010000001000110000010000000000000000000000000001000010000011000000011100100000000010000
000000000000000000000000111100011100000010000000001000101000000000000000010000001000100100000000100000000000000000100000000000000000000100110000000000000000110100010000000000100100000110000100110000000001000010000001000000000000100000001100
000000000100000001000000000000000011100000010100001100000001101000001000000010000000100000000000100010001000000000000010000010110011000000010000000000000000001000000000000000100000000010000101010000001001100110000000000100000000000000000000
100000001101000000000000000000000011100000000000000000000100001000001000000010000000110000000000000000001011000000000010000010110011000010000000011000000100001000000000000100100000000010000101000000001000000100000000010000100000000000010000
000010000000101000000000000011101100000000000001100000000000010100000011000100000001001001010000000001000000000000000101010001000000000001100000000001100000000000000000000000010001000000000000000000010000000000000010000011010000001000000010
010000000000000010110000000011000000000000000000000000000010000000000000011101001010000011001000000000110100000100000000001000000000100001000000100010010001010010000000000000010000110000000000000100000110000000000000000000000010001000000000
010001000000010000010000000010010100000000000000000000001000000100000001111101001010000001010000000001000100000110000000001000000000100101000000000010010000110100000000000000010000110000000000000000000010000000000001000000000000000000000000
010010000000001010100100000011100000000000000000000000000010000010000000001101110010000000001000001000010100000000000000001000000000100001000000100000010000000000000000010010010000110000000000001000000100000000000000001010010100000000000000
001000100000000100000000000000000000011100011010000100000001000000100100000000000001000000000111010000000011100001000100010000000000000000000110000000000000000000000000001101000010000001000000000011110000000000000100000000000000000000000001
010000000000000010110001000000000000000000000000000010000000000000010000011001001010000010000000000000110100000000001000001000001000100000000000100100000001010000000001100000001000111000000000000000000110001000100000000000001000000001100000
001001000000000000010001110000000000000000000000010000100000000000000000010000000100000100000100000000000000000110010000000000000000000000000100000000000001110100001000000000001000001101001010110000000011000010000001000000000010010001100000
000000001011000010000110000000000000000000000000000000010010000011010100000000000000000000000000001000110000010000001000000100000100010000001000101000000000000011000001101000000010000000000000000000000100010000100100101000000100000010000000
001001000000010000010000000011000000000000000000000000000010000100000001101000000010000011011000000101100100000110000100000000000000100001000000000010000001110110000000000000000010010000000000000100000000000000000000000000000010001000000001
001010000000001000000100000011100000000000100000000000000010000010000000001100000010000011001000000000110100000100000100001000000000100000000000000010000001000010000000010000000010000000000000001100000100000000000000001000010110001000000001
000010010000000000000000000000001110000010000001100000000000010100000000000100000000101000000000000001000000000000000001000001000000000001100000000000111010000000100110000000010001000000010000000000001000000000000010000011010000100100001010
000000000000101100000010000001100000011000100011000000000000000010000011000000000001001001110000000001000000100000000101010000000000000000000001000001100000000000100010011010000001000000000000000000010000000000000000000000010000001000000010
000001000000101000001000000001100000000000001011000000001000000000000011100000000001001001010011000101000000000000000101010000000000000000000110000001000000000000000000000000000001000000000000000000010000000000000010000000010000011100001110
000001010000000001001000000000000011001100011111100000001000000000000011100000000101100000000011100000000000000000000001000000000000000000100110000000000000000000100000000000000001000000000000000000000000000000000010000000000000110100001110
000000010000101100000010000000000011011100000011100000000000000010000000000000000000010000100001000000000010100000000001000001000000000010001001000000100000000000100110011010000001000000000000000000011000000000000000000000100000000100000010
000010000001001000000100000001100000000000000000000000000110000010000000001100110000000000101000001000010000001000000000001001000100000000000000000000100010000000000110010010000000000000000000001000000000010000011000001011110100000000000000
000001000000010000000000101100011100000010000000000000001000000100000001100000000000000101010000100001000000000110000000000000000000100101110000000010000000110100010000000000000000010000000000010000000000000000000011000000000000100000001100
010000000000000010110001111000000000000000000000000000100000000000000000011101001010000000000000000000010100000000100000001000000000100101000000100000010000110100000000000000011100110100000000000000000010001000000001000000000000000001000000
010100000000000010100100000000000000000000000000000000000000000000000000011101011010000000000000001000010100000000001000101100000100110001000000100000010000010001000001000000010000110000000000000000000110001000110000000000000100000000000000
000000000000000000010001111000000000000000000000010010100000000000000000010001001000000010000000000000000100000000101000000000001000000000000000100100000001110100000001000000001100001100000000110000000011001010000001000000001000000001100000
000100001011000010100100000000000000000000000000000010000000000000010000000001000000000010000000001000110100000000001000100100001100010000000000101100000000000001000001100000001000000000000000000000000110001000110000000000001100000011000000
001001000000010000010001010000010100000000000000000000001000000100000001100000000100000101010100000101000000000110000000000000000000100001000100000010000001110100001000000000000000011000000010100000000000000000000001000000000010010000000000
000010000010001000000110000001100000000000100000000000010010000010010000001100100000000000001000001000110000010000000000001000000000010000001000000000000000000010000000011010000010000000000000001000000100010000100100001010010100000000000000
010010000000000000100000001100001100000010000001100001000000011100000000000100011000001000000000000001000000000000000000100001000001000101100000000000011010000000000000000000110100000000010000000000000000000000011000000011010000000000000000
000001000000000001001000000000000000000000011100000100001001100000000011100000000101000100000011100010000000000000000010000000000000000000010110000000000000000000000000000001000001000000001111110000000000000010000000000000000000010100001100
000001000000010000010001111000010100000000000000000000101000000100000000110000001000000100000000000000000000000110100000000000000000100101000000000010000000110100000000000000001100010100000000110000000011000010000001000000000000000001000000
100000001111101100000010000000000000011000000000000000010100000010001000000000000000010000100000000000000011100001000001000010000000000010001001000000000000000000100010011110000000000000000000000000010000010000000000110000100000000000000000
000110001011000010100100000000000000000000000000000000000010000010000000001100110000000000001000001000010000000000001000101100000100010000000000101000000000000001000001010010000000000000000000001000000100010000110000001010000100000000000000
001000100000000100000000000000000000010000000000000000000001000001000100000000000000000000000110010010000000000001010000000000001000001000000110000000000100000000000000101101000010000001101000000011100000000001000100110100001000000000100001
001000100000000100000010000000000000010000100000000000010010000011010100000000000001000000000110010000100000010001000100010000000000000000001110000000000000000010000000101000000010000001100000000010110000000000000100101000000000000000000001
001001100000000100000000000000000000010000000000000000000000000000000100000000000101000000000110010100000000000110010100010000000000000000000110000000000001000000001000001001000010001001101010000010110000000000000100000000000010010000100001
000000000010000000000010000000000000000000000000000000010010000011010100000000000000000000000000010000100000010001010000000000001000011000001000000000000100000010000000101100000010000001100000000011000000000001100100111000001100000010100000
001001000000000000000001010000000000000000000000010000000001000001000100000000000100000000000100010010000000000110010000000000001000001000000100000000000001000100001000100001000000001001101010100011000000000001000000000100001010010000100000
001000000000000000010001010000000000000000000000010010000000000000010000000001000000000010000100000000100100000110011000000000001000000000000000100100000001000100001001100000001000001001101010100000000010000000100000000000001010000001100000
000000000010000000000001000000000000000000000000000010010010000001010100000001000000000010000000000000100100010000001000000000001000010000000000100100000001000010000001100000001010001000100000000000000110000000100100101000001100000011100000
001001000000000000010001010000000000000000000000000000000000000000000000000000000110000011000100000100100100000110010100000000000000100000000100000010000001000110001000000000000010001001101010100100000000000000000000000000000010011000100001
001000000010000000000010000001000000000000100000000000010010000011010100001000000010000010001000000000100100010000000100000000000000010000001000000000000001000010000000101000000010000000100000000100000100000000100100101000000110001000000001
000000000000000000000001000000000000000000000000010010000001000001010100000000000000000010000000010010100000000000011000000000001000001000000000000100000101000000000001100100001000001001101000000011000000000001100000110100001000000011100000
001000100000000100000000000001000000000000100000000000000010000000000100001000000011000011001100010100100100000100000100010000000000100000000110000010000001000010000000001000000010000001100000000100010000000000000100000000000010001000000001
010100000000000000100000001100000000000001000000001001100000001000000000000000001000000000000000000000001000000000100000100000101011001000000000011100000100001001000001000000100100000000000000000000000001101000011000000100000001000001010000
000000100000000100000000000000000001111100011010000100000001000000101100000000000001000000000111010000000011100001000010010000000000000000000110000000000000000000000000001101000000000001000000000011110000000000000100000000000000000000000000
100100001111000000000100000000000000000000000000000000010100000000001000000000000000010000000000001000001011000000001000100110000100010000001000011000000100000001000001000100000000000000000000000000000000010000110000110000100100000010010000
000000000000000000000001111000000000000000010100011100100001100000000000000000000100000100000000100010000000000000100010000000000000000000010000000000000000101100000000000000001100000100001111110000000001100010000001000100000000000001000000
010100000100000000100000001100000010000011000000001001000000001000000000000000001000100000000000000000001000000000100000100010110011000000000000000000011010001000000000000000100100000010010101000000001000000100011000000000000000000000010000
000010010000000000000000000000001111001110000001100000000000010100000000000000000000101000000001000001000000000000000001000001000000000000100000000000101010000000100110000000000001000000010000000000001000000000000010000011010000100100001010
010100000101000000100000000100000000000011000000000001000100001000000000000000110000000000100000001000000000001000000000100001010111000000000000000000011010000000000110000010100000000000010000000000001000000000011000000011100000000000010000
010000000000000000000000101100011100000011000000001001001000001000000000000000001000100000000000100000000000000000100000000000000011000100110000000000011010000000010000000000100100000010010100010000000000000000001001000000000000100000001100
000000000100000001000000101100001011100010000000001000000000001000001000000000000000100000000000100000001000000000000010000010110011000000110000000000000000001000010000000000100000000010010101010000001000000100000000000000000000100000001100
000000000101000000000000000000000011100000000000000000000100001000001000000000000000100000100000000000001000001000000010000011110111000010000000000000000010001000000110000000100000000010010101000000001000000100011000000001100000000000010000
000000000000000000000000000000000000110000011000000100000001000001101100000010000000000000000010010010000011100001010010000000001000001000000000000000000100000000000000100101000000000001001000000011100000000001000000110100001000000000100000
100100001111000000000000000000000000000001000000000000110100000000001000000010000000000000000000000000001001000000100000000010101010001000000000011100000100001001000001000100000000000000000000000000000001100000000000110100000001000011010000
000100000000000000000000000000000000000001000000011100100001100000000000000010000000000000000000000010001000000000100010000000101010001000010000011100000100001001000001000000000000000000001111110000000001100010000000000100000001000001000000
000100001111000010100100000000000000000000000000000000000100001000000000000000110000000000100000001000010000001000001000100100010100010000000000101000000010000001000001000010000000000000000000000000000000010000111000000011100100000000010000
000000000000000000000001111100011100000010000000001000101000000000000000010000001000000100000000100000000000000000100000000000000000000100010000000000000000110100010000000000101100000110000100110000000011000010000001000000000000000001000100
000000000000000001000000000000000011100000010100001100000001100000001000000010000100100000000000100010001000000000000010000010100011000000010000000000000000001000000000000000100000000010001111110000000001100110000000000100000000000000000000
100000001111000000000000000000000011100000000000000000010100001000001000000010000000010000000000000000001011000000000010000010110011000010001000011000000100001000000000000100000000000000000001000000001000000100000000110000100000000000010000
000000000000000001000000000000000001111100011100000100000001100000101000000010000100000000000011100010000011100000000010000000000000000000010000000000000000001000000000000101000000000000001111000011100000100000000000000100000000000000000000
100000000100000000000000000000000001111100011000000100010101000000101000000010000000010000000011000000001011100001000010000010000000000010001000010000000100000000000000000100000000000000000000000011100000000000000000110000100000000000000000
000000000010101100000010000000000000011000100000000000010010000011000100000000000000010000100000000000000010110001000001000000000000010000001001000000000000000010100010011010000010000000000000000000010000010000000100101000100100000000000000
001001000000000000001000010000000000000000011100000000001000000000000011100000000101000100000111100100000000000110010000000000000000000000000110000000000000000100001000000001000001000001001010100000000000000000000000000000000010010100001100
100000001111000000000000000000000000000000000000000000010101000001001100000010000000010000000000010010001011000001000000000010001000001000001000011000000100000000000000100100000000000000000000000011000000000001000000110100101000000010000000
000000000000000000000000000000000000000000010100010100000001100000000000000010000100000000000000110010000000000000010010000000001000001000010000000000000100001000000000000101000000000001001111110011000001100011000000010100001000000000100000
000000000000000000000000000000000000000000000000010000100001000001000100000010000000000000000000010010001000000000010000000000101000001000000000011100000100001001000001100100000000000001001000000011000001100001000000110100001001000011100000
000100001011000010100100000000000000000001000000000000100000000000000000000000000000000000000000001000011000000000101000100100101110011000000000111100000100000001000001000000000000000000000000000000000000001000110000000000000101000011010000
000000000000101100000010000001100000011000100011000000000000000010000010000000000001011000100000000000000010100000000101010000000000000000001001000001100000000000100010011010000001000000000000000000010000000000000000000000110000001000000010
000100000000000000000001111000000000000001000000011000100000000000000000010000001000000000000000000000000000000000100000000000101010001000000000000100000000111101000001000000001100000100000000110000000011101010000001000100000001000001000000
000001000000100000001000000000000000000000011111000000001000000000000011100000000101001001010011100101000000000000000101010000000000000000000110000001000000000000000000000000000001000000000000000000010000000000000010000000000000011100001110
000010000000101000000000000011101100000010000001100000000000010100000011000100000000001001010000000001000000000000000001000001000000000001100000000001111010000000000000000000010001000000000000000000000000000000000010000011010000001000000010
010100001001000010100100001100000000000011000000000001000000001000000000000000011000000000000000001000010000000000101000100100000111000000000000101000011010000001000001000000100100000000000000000000000000001000011000000000000000000000010000
010100000000000000100000101100000000000011000000001001100000001000000000010000001000000000000000000000000000000000100000100000000011000100000000000000011010110000000000000000101100000100000000010000000011001010011001000000000000000001000000
000000000000000001000000101100011100000010010100001100001000100000000000000000000100100100000000100000000000000000000010000000000000000000110000000000000000001000010000000000100000000010000111110000000001100010000001000000000000100000001100
100000001111000000000000000000000000000000000000000000010100001000001000000000100000010000100000001000001011001000000000000011010100000010001000011000000010000000000110000010000000000000000000000000001000010000011000000011100000000000010000
000000010000000001001000000000000011001100011111100000001000000000000011100000000001100000000011100000000000000000000001000001000000000000100010000000000000000000100110000000000001000000000000000000001000000000000010000000000000100100001110
000000010000101100000000000000000011011100000011100000000000000000000000000000000000110000100001000000000010100000000001000001000000000010100001000000100000000000100110010010000001000000000000000000011000000000000000000000100000100100001010
000010000101001000000100000000100000000000000000000000000100001010000000000100110000000000100000001000010000001000000000001001010100000000000000000000100010000000000110010010000000000000000000001000001000010000011000001011110100000000000000
000001000000010000000000101100011100000010000000000000001000000100000001100000000000100100010000100001000000000010000000000000000000000101110000000000000000110100010000000000100000010010000100010000000000000000000011000000000000100000001100
010010000000000010100000000010001100000010000001100000000000010100000000011100011010001000000000000001010000000000000000001001000000100101100000000000011010010000000000000000010000110000000000000000000000000000000000000011010000000000000000
000000000100000001000000000000000011101100011000000100000001001000101000000010000000100000000001000000001011100000000010000010110011000010000000000000000000001000000000000100100000000010000101000001001000000100000000000000000000000000000000
000010000000101000000000000011100000000000100001000000000010000010000011001100100001001001011000000001000000000000000101011000000000000000000000000001100000000000000000010010000001000000000000001000010000000000000000001010010000001000000010
000001000000111000000000000011110100000000000001000000001000000100000011100000000001001001010000000101000000000110000101010000000000100001000000000011000000000000000000000000000001010000000000000000010000000000000010000000010000001000000010
000001000000000001001000100000011100000000011100000000001000000000000011100000000101100100000011100000000000000000000000000000000000000000110110000000000000000000010000000000000001000010000100010000000000000000000011000000000000110100001100
000000000101101100000010000000000000011000000000000000000100000010000000000000100000010000100000001000000010101000000001000001010100000010001001000000100000000000100110011010000000000000000000000000011000010000000000000011100000000000000000
000010000000001000000100000011100000000000000001100000000010010110000000001100110000001000001000001001010000000000000000001001000000000001000000000000111010000000000000010010010000000000000000001000000000000000000000001011010100000000000000
000011000000010000000000000010011100000010000001100000001000010100000001100100000000001001010000000001000000000110000000000000000000100101100000000010011000110100000000000000010000010000000000000000000000000000000011000000010000000000000000
010000000000010010110000000010010100000000000000000000000000000100000000011101001010000001010000000001010100000110000000001000000000100101000000100010010000110100000000000000010000110000000000000000000010000000000001000000000000000000000000
010010000000000010100100000011100000000000000000000000000010000000000000011101111010000000001000001000010100000000000000001000000000100001000000100000010000010000000000000000010000110000000000001000000110000000000000001010010100000000000000
000001000000000000010001111000000000000000000000010000100000000000000000010000001100000100000000000000000000000110110000000000000000000000000000000000000001110100001000000000001100001100001010110000000011000010000001000000000010010001100000
000100001011000010100110000000000000000000000000000000010010000011010000000000000000000000000000001000110000010000001000100100000100010000001000101000000000000011000001100000000000000000000000000000000100010000110000101000000100000010000000
001001000000010000010000000011010100000000000000000000001000000100000001101000000010000011011000000101000100000110000100000000000000100001000000000010000001110100000000000000000000010000000000000100000000000000000001000000000010001000000001
000010000000001000000100000011100000000000100000000000000010000010000000001100100010000011001000001000110100000000000100001000000000100000000000000010000000000010000000010010000010000000000000001100000100000000000000001010010100001000000001
000001000000000001001000000000000001111100011110000100001001000000100011100000000101000000000011100000000000100000000010000000000000000000000110000000000000000000000000000001000001000000000000000011100000000000000000000000000000010100001100
010000000000000010110001111000000000000000000000000000100000000000000000010001001010000000000000000000000100000000100000000000000000100101000000100000010000110100000000000000011100110100000000110000000011001010000001000000000000000001000000
000000000000101100000010000000000001111100001010000000000000000010101000000000000000010000100011000000000011100001000001000000000000000010001001000000000000000000100010011110000000000000000000000011110000000000000000000000100000000000000000
010100001011000010100100000000000000000000000000000000000000000000000000011101011010000000000000001000010100000000001000101100000100010000000000101000010000000001000001000000010000100000000000000000000110001000110000000000000100000000000000
001000100000101100000010000000000000011000100010000000000000000010000100000000000001010000000110010000000010100001000101010000000000000000001111000000000000000000100000011000000010000001000000000010110000000000000100000000000000000000000001
001001100000000100001000000000000000010000011110000000000000000000000111100000000101000000000111010100000000000000000100010000000000000000000110000000000000000000000000001001000011000001000000000010110000000000000100000000000000010100000001
100000001011000000000010000000000000000000000000000000010110000011010100000000000000010000000000000000100011010001000000000000000000010000001000011000000100000010000000101100000010000000000000000000000000010000100100111000100100000010000000
001001000000000000000001010000000000000000010100010100000001100000000000000000000100000100000100100010000000000110010000000000000000000000010100000000000001000100001000000001000000001001001010110000000001100010000000000100000010010000100000
000000000000000000010001010000000000000000000000010010100000000000010000010001001000000010000000000000100100000000101000000000001000000000000000100100000001110100000001100000001100001100000000100000000011001010100000000000001000000001100000
000100001010000010100101000000000000000000000000000010000000000000010000000001000000000010000000000000110100000000001000100100001000010000000000101100000001000001000001100000001000001000000000000000000110001000100000000000001100000011100000
001001000000010000010001010000010000000000000000000000001000000000000001100000000100000101010100000100000000000110010000000000000000100000000100000010000001110100001000000000000000011001001010100000000000000000000001000000000010010000100000
000000000010001000000110000001100000000000100000000000010010000011010100001000100000000000001000001000110000010000000000001000000000010000001000000000000000000010000000111010000010000000000000001000000100010000100100101000000100000000000000
001000000000101000000000000011100000000000100000000000000010000000000011001000000011001011011000000101100100000100000100010000000000100000000000000011000001000010000000000000000010000000000000000100010000000000000000000000010010001000000001
000010000000101100000110000001100000000000100000000000000010000010000000001100100000010000101000001000010000000000000001001000000000000000001001000000100000000000100010011010000000000000000000001000010000010000000000001010110100000000000000
000001000000010000001000000000010100000000000100000000001000000100000011100000000101000101010000100101000000000110000000000000000000100001000110000010000000110100000000000000000001010000000000000000000000000000000011000000000000010100001100
000000010000000001000000101100011111000110000001100000001000000000000000000000000000100000000001100000000000000000000000000001000000000000110000000000000000000000010100000000100001000010010100010000001000000000000011000000000000100100001110
000000010101000000000000000000000011001100000001100000000100001000000000000000100000100000100000001000000000001000000001000001010100000010100000000000100010000000100110000010000000000000010000000000001000000000011000000011100000100000000010
000010000000000000000000000000001100000010000001100000000000011100000000000100110000001000100000001001000000001000000000000001010100000001100000000000111010000000000110000010010000000000010000000000001000000000011000000011010000000000000000
000010000000000000000000101100011100000010000001100000001000010100000000000100000000101000000000000001000000000000000000000001000000000101100000000000011010000000010000000000110000000010010000000000000000000000000011000011010000100000001100
001000100000101100000000000001100000010000100011000000000000000000000011000000000001001001010110000101000000000000000101010000000000000000000110000001000000000000000000001000000011000000000000000000110000000000000100000000010000001000000011
000000010000000001000000000000000011111100011010000100000001000000101000000000000000100000000011000000000011100000000011000000000000000010000000000000000000000000100110000100000001000000000000000011101000000000000000000000000000100100001010
010100000000000010100000001100000000000011000000000001000000000000000000011101011010000000000000000000010100000000100000101000000000100101000000100000011010010000000000000000010100110000000000000000000010001000011000000000000000000000000000
000100000000000000000001000000000000000001000000010010100000000000010000000001000000000000000000000000001000000000101000000000101010001000000000111100000100001001000001100000001000001000000000000000000011101000100000000100001001000011100000
000000010100000001000000000000000011101100000001100000000000001000001000000000000000100000000001000000000000000000000011000011010001000010100000000000000000000000100110000000100001000010010101000000001000000100000000000000000000100100001010
010110000000000000100000001100001100000011000000100001000000011100000000000100011000000000000000000000000000000000100000100001000011000101100000000000011010000000000000000000110100000000010000000000000000000000011000000011000000000000000000
000001000000000001001000000000000000000000011100000100001001100000000000100000000100000100000011100010000000000000000010000000000000000000010110000000000000001000000000000001000000000000001111110000000001100010000000000100000000010100001100
100000001111000100000010000000000000011000000000000000010100000010001000000000000000010000100000000000001011100001000000000010000000000010001001011000000100000000100010011110000000000000000000000000000000010000000000110000100000000000000000
001000100010000100000010000000000000010000100000000000010010000011010100000000000000000000000100010000100000010001000100010000000000010000001000000000000000000010000000101000000010000001100000000010110000000000100100101000000100000000000001
001001100000000000000001010000000000000000000000000000000000000000000100000000000101000000000110010100000000000110010100010000000000000000000110000000000001000100001000000001000010001001101010100010100000000000000100000000000010010000100001
000000000010000000000010000000000000000000000000000000010001000001010100000000000000000000000000010010100000010001010000000000001000011000001000000000000100000010000000101100000010000001101000000011000000000001100100110100001000000010100000
001000000000000000000001010000000000000000000000010000000001000001000100000000000100000000000100010010000000000000010000000000001000001000000100000000000101000000001000100101000000001001101010100011000000000001000000110100001010010000100000
001000100000000100000000000001000000010000100000000000000010000000000100000000000001000011001110010100100000000100000100010000000000000000000110000010000001000010000000001000000010000001100000000110110000000000000100000000000010001000000001
000000000000000000000001000000000000000000000000010010000000000001010100000001000000000010000000010010100100000000011000000000001000001000000000100100000101000000000001100000001000001001101000000000000010000001100000110100001000000011100000
000100001011000010100000000000000000000001000000000000100000000000000000000000000000000000000000000000001000000000101000100100101110011000000000111100000100001001000001000000000000000000000000000000000001101000110000000100000001000011010000
000100000000000000000001111000000000000001000000011000100000000000000000010000001000000000000000000000001000000000100000000000101010001000000000011100000100001001000001000000001100000100000000110000000011101010000000000100000001000001000000
010100001011000010100100000000000000000001000000000001000000001000000000000000011000000000000000001000010000000000101000100100000111010000000000101000011010000001000001000000000100000000000000000000000000001000111000000000000100000000010000
010100000000000000100001111100000000000011000000001001100000000000000000010000001000000000000000000000000000000000100000100000000011000100000000000000011000110100000000000000101100000100000000110000000011001010000001000000000000000001000000
000000000000000001000000101100010000000000010100001100001001100000000000000000000100100100000000100010000000000000000010000000000000000000010000000000000000001000010000000000100000000010001111110000000001100010000001000100000000100000001100
100000001111000000000000000000000000000000000000000000010100001000001000000000100000010000100000001000001011001000000000000010010100000010001000011000000100000000000110000110000000000000000000000000001000010000011000110000100000000000010000
000000000000000001001000000000000001111100011110000100000001000000101010000000000101000000000011100000000011100000000010000000000000000000000110000000000000000000000000000101000001000000000000000011100000000000000000000000000000010100001100
000000000000100100000010000000000001111100011010000100000001000000101000000000000000010000100011000000000011100001000011000000000000000010001001000000000000000000100010001100000000000000000000000011110000000000000000000000100000000000000000
000000100000101100000010000000000000011000100010000000000000000010000100000000000001010000100010010000000010100001000101010000000000000000001011000000000000000000100010011010000010000000000000000010110000000000000100000000100000000000000001
001001100000000100001000000000000000010000011110000000001000000000000011100000000101000000000111110100000000000000000100010000000000000000000110000000000000000000000000000001000001000001000000000010110000000000000000000000000000010100001101
100000001111000000000010000000000000000000000000000000010100000011011100000000000000010000000000000000001011010001000000000010000000010000001000011000000100000000000000101100000000000000000000000000000000010000100100111000100100000010000000
000001000000000000000001010000000000000000010100010100000001100000000000000000000100000100000100100010000000000010010010000000000000000000010100000000000000001100001000000001000000001001001111110000000001100010000000000100000000010000100000
100100001111000010100100000000000000000000000000000000010100000000000000000000000000010000000000001000011000000000001000100110000100010000001000111000000100000001000001000000000000000000000000000000000000010000110000110000100100000010010000
000010000000101100000110000001100000011000100000000000000010000010000000000000100000010000101000001000000010100000000001000000000000000000001001000000100000000000100010011010000000000000000000001000010000010000000000001010110100000000000000
000000000000000000000001111000000000000000000100011000100000100000000000010000001100000100000000100010000000000000100000000000000000000000010000000000000000111100000000000000001100000100001111110000000011100010000001000100000000000001000000
000001000000010000001000000000010100000000011100000000001000000100000011100000000101000101010011100101000000000110000000000000000000000000000110000010000000100100000000000000000001000000000000000000000000000000000011000000000000010100001100
010100000101000000100000001100000000000011000000000001000100001000000000000000111000000000000000001000000000001000100000100001010111000000000000000000011010000000000100000000100100000000010000000000001000000000011000000011000000000000010000
010100000000000000100000101100011100000011000000001001000000001000000000000000001000100000000000000000000000000000100000100000000011000100110000000000011010000000010000000000100100000010010100010000000000000000011001000000000000100000000000
000000000000000001000000101100011111100010000000001000001000001000000000000000000000100000000000100000000000000000000010000000110011000000110000000000000000001000010000000000100000000010010101010000001000000100000001000000000000100000001100
000000000101000000000000000000000011100000000000000000000100001000001000000000100000100000100000001000001000001000000000000011110111000010000000000000000010000000000110000010100000000010010000000000001000000100011000000011100000000000010000
000000010000000001000000000100011111001110000001100000001000000000000000000000000000100000000001100000000000000000000001000001000000000000110000000000000000000000110110000000100001000010010100000000001000000000000010000000000000100100001110
000000010100000000000000000000000011001100000001100000000100001000000000000000100000100000100001000000000000001000000001000001010000000010100000000000100010000000100110000010000001000000010000000000001000000000001000000011100000100100001010
000010000101000000000000000000001000000010000001100000000100011000000000000100110000001000100000001000000000001000000000000001010100000000100000000000111010000000000110000010010000000000010000000000001000000000011000000011110000000000000000
000000000000000000000000101100011100000010000001100000001000010100000000000000000000101000000000100001000000000000000000000001000000000101110000000000011010000000010000000000110000000010010100010000000000000000000011000001000000100000001100
000000010100000001000000000000000011101100000000100000000000001000001000000000000000100000000001000000001000000000000010000011110011000010100000000000000000001000100110000000100000000010010101000000001000000100000000000000000000100100001000
000000000000000001000000000000000001100100011100000100000001100000101000000010000100000000000011100010000001000000000010000000000000000000010000000000000000001000000000000101000000000000001111110011100001100010000000000100000000000000000000
100000001111000000000000000000000001111100000000000100010101000000101000000010000000010000000000000000001011100001000010000010000000000010001000011000000100000000000000000100000000000000000000000011100000000000000000110000100000000000000000
000000000010101100000010000000000000010000100000000000010010000011010100000000000000010000100000000000100010110001000000000000000000010000001001000000000000000010000000111010000010000000000000000000010000010000100100101000100100000000000000
001001000000000000001001010000000000000000011100000000001000000000000011100000000101000100000110100100000000000110010000000000000000000000000110000000000001000100001000000001000000001001001010100000000000000000000000000000000010010000100100
100000001010000000000000000000000000000000000000000000010001000001001100000010000000010000000000010010001011000001010000000010001000001000001000011000000100000000000000100100000000000001001000000011000000000001000000110100001000000010100000
000000000000000000000000000000000000000000010100010100000001100001000100000010000100000000000000010010000000000000010010000000001000001000000000000000000100001000000000100101000000000001001011100011000001100011000000110100001000000000100000
000100000000000000000000000000000000000001000000010000100001000001000000000010000000000000000000000010001000000000110000000000101010001000000000011100000100001001000001100100000000000000001000000001000001100001000000110100001001000011100000
010010000000000010100000000010001100000010000000000000000000010100000000011101011010001000000000000001010100000000000000001000000000100101000000100000011010010000000000000000010000110000000000000000000010000000000000000011010000000000000000
000000000100000001000000000000000011111100011000000100000001000000101000000010000000100000000011000000001011100000000010000010110000000010000000000000000000001000000000000100000000000010000101000011101000000100000000000000000000000000000000
001000000000101000000000000011100000000000100001000000000010000000000011001000000011001001011000000101000000000100000101010000000000100000000000000011000000000010000000000000000011000000000000000100010000000000000000000000010010001000000011
000100000000000000000001000000000000000001000000010010100000000000010000000001000000000010000000000000100100000000101000000000001000001000000000111100000101000001000001100000001000001000000000000000000011101000100000000100001001000011100000
001000100000101100000000000001100000010000100010000000000000000000000111000000000001000001010110010100000000000000000101010000000000000000000110000001000000000000000000001000000011000001000000000010110000000000000100000000000000001000000011
000010000000101000000100000011100000000000100001000000000010000010000000001100100000001001011000001001010000000000000101011000000000000000000000000001100000000000000000010010000000000000000000001000010000000000000000001010010100001000000010
000001000000010000000000000011110100000000000001000000001000000100000011100000000001001001010000000101000000000110000100010000000000100001000000000011000000110100000000000000000001010000000000000000000000000000000011000000010000001000000010
000001000000000001001000101100011100000010011100000000001000000000000011100000000100100100000001100000000000000000000000000000000000000000110000000000000000000000010000000000100001000010000100010000000000000000000011000000000000110100001100
000000000101101000000010000000000000001000000000000000000100001010000000000000100000010000100000001000000010101000000001000001010100000010001001000000100010000000100110010010000000000000000000000000001000010000011000000011100000000000000000
000010000000001000000100000011101100000010000001100000000000010100000000001100110000001000001000001001010000000000000000001001000000000001100000000000111010000000000000010010010000000000000000001000000000000000000000000011010000000000000000
000010000000010000000000000010011100000010000001100000001000010100000001100100000000001001010000000001000000000000000000000001000000100101100000000010011010110000000000000000010000010000000000000000000000000000000011000011010000000000000000
010100000000000010100000001100000000000011000000000001000000001000000000010101011000000000000000000000010000000000100000101000000011000101000000100000011010010000000000000000110100110000000000000000000010001000011000000000000000000000000000
000000010000000001000000000000000011111100011011100100000000000000101000000000000000100000000011000000000011100000000011000001000000000010100000000000000000000000100110000000000001000000000000000000101000000000000000000000000000100100001010
